Czech_003090.jpg,
Japan_001851.jpg,1 37 422 151 590 
Japan_007255.jpg,
Japan_005918.jpg,
Japan_004468.jpg,3 427 436 594 587 
Czech_003366.jpg,
Japan_001186.jpg,1 525 429 572 470 
Czech_002600.jpg,
Japan_009867.jpg,
Czech_002004.jpg,4 287 428 329 446 
Japan_007178.jpg,1 188 502 232 600 
Czech_001499.jpg,
Japan_010700.jpg,4 323 356 381 384 4 406 378 440 396 
Japan_006210.jpg,1 148 462 207 593 3 7 374 341 597 
Japan_011798.jpg,
Japan_006666.jpg,
Japan_013018.jpg,3 108 250 246 340 
Czech_002226.jpg,
Japan_009727.jpg,
Japan_003258.jpg,
Japan_003699.jpg,
Czech_001370.jpg,
Japan_007928.jpg,
Japan_008937.jpg,4 253 99 658 245 
Japan_012070.jpg,3 0 398 576 600 
Japan_011667.jpg,
Japan_000173.jpg,3 0 380 496 597 
Czech_000353.jpg,
Japan_002880.jpg,1 434 229 469 261 
Japan_012306.jpg,1 293 542 323 600 
Japan_000367.jpg,1 218 427 260 466 
Japan_012519.jpg,4 161 534 317 592 3 0 311 160 589 
Czech_002952.jpg,
Japan_008616.jpg,1 337 438 352 475 
Japan_008598.jpg,3 93 510 216 596 3 2 388 259 590 
Japan_006745.jpg,1 154 506 201 593 
Japan_011167.jpg,2 305 479 416 494 2 296 476 397 492 
Japan_011416.jpg,
Japan_006141.jpg,1 365 427 465 535 
Japan_004505.jpg,
Japan_001006.jpg,1 444 309 474 361 
Japan_006855.jpg,3 338 472 494 561 
Czech_003288.jpg,
Japan_004177.jpg,1 309 535 369 577 
Japan_010262.jpg,3 16 341 231 577 1 455 464 568 563 
Japan_001780.jpg,
Czech_002301.jpg,2 247 39 426 73 
Japan_011080.jpg,1 327 367 499 564 
Japan_002057.jpg,
Japan_003790.jpg,1 284 263 377 421 
Japan_006152.jpg,3 47 415 261 576 
Japan_011413.jpg,3 87 226 277 318 
Japan_007908.jpg,4 450 227 549 274 
Japan_006004.jpg,3 8 367 583 597 
Japan_008742.jpg,
Japan_011547.jpg,
Czech_000359.jpg,1 226 402 252 432 1 103 458 181 517 
Japan_002935.jpg,1 396 365 466 419 
Japan_001458.jpg,1 310 392 353 475 
Japan_005253.jpg,
Japan_002356.jpg,3 270 263 438 329 
Japan_004812.jpg,3 14 439 214 597 
Japan_007560.jpg,1 119 372 233 563 
Japan_010117.jpg,3 234 406 595 599 
Czech_002313.jpg,4 279 422 331 439 1 221 445 252 470 
Japan_010865.jpg,
Czech_002194.jpg,4 248 472 297 515 1 248 472 297 515 
Czech_002099.jpg,
Japan_000047.jpg,3 137 436 305 592 3 398 424 597 598 
Japan_003772.jpg,3 428 379 576 574 
Japan_001906.jpg,
Czech_000713.jpg,
Japan_012885.jpg,3 4 326 413 592 
Czech_001802.jpg,
Czech_002073.jpg,
Japan_004511.jpg,3 192 415 354 583 4 252 549 281 573 
Czech_001294.jpg,3 506 102 600 292 
Japan_006245.jpg,3 469 199 582 277 
Japan_010606.jpg,4 351 383 390 399 
Japan_006341.jpg,
Japan_002809.jpg,
Czech_001220.jpg,
Japan_004785.jpg,1 0 440 111 557 
Japan_008719.jpg,
Japan_011093.jpg,4 50 561 91 594 3 3 522 161 600 
Japan_005292.jpg,1 83 406 177 597 
Japan_003839.jpg,4 376 454 427 481 
Japan_001401.jpg,4 475 506 520 556 2 269 514 460 577 3 459 440 556 592 
Japan_006579.jpg,1 294 495 322 535 
Japan_008729.jpg,1 226 338 315 468 
Japan_006837.jpg,
Japan_007822.jpg,3 13 319 600 597 1 44 316 111 366 2 122 524 590 581 
India_006653.jpg,
India_008817.jpg,
Japan_009629.jpg,1 133 321 198 407 
India_007990.jpg,3 157 516 718 676 4 424 521 467 556 
India_006878.jpg,
India_002081.jpg,
Czech_003429.jpg,
Japan_010023.jpg,
India_005363.jpg,
Czech_000216.jpg,
Czech_002873.jpg,
Japan_002293.jpg,1 611 369 705 493 
Czech_002727.jpg,1 315 432 402 529 
Japan_003208.jpg,
Japan_007332.jpg,
India_001874.jpg,
India_001154.jpg,3 438 392 714 533 
India_004503.jpg,
India_001435.jpg,3 7 174 171 319 
Japan_008833.jpg,1 64 441 143 575 2 331 496 516 520 
Japan_000543.jpg,3 0 434 105 588 
India_004220.jpg,
India_005657.jpg,3 493 479 716 694 4 385 535 459 579 4 358 584 513 651 
India_002108.jpg,
Japan_010902.jpg,
India_009259.jpg,
Japan_008028.jpg,
Japan_006280.jpg,3 26 366 214 578 2 290 365 376 380 
Japan_007300.jpg,3 218 74 426 415 
Japan_010908.jpg,
Japan_001913.jpg,4 356 398 412 434 
Japan_002430.jpg,1 352 407 502 600 4 214 387 247 413 
Japan_011823.jpg,
Japan_002461.jpg,
India_007036.jpg,3 342 424 598 586 
Japan_003724.jpg,3 167 441 416 592 
India_001395.jpg,3 27 522 544 716 
India_006028.jpg,3 46 0 278 297 
Japan_003081.jpg,
Czech_002801.jpg,
Japan_005943.jpg,3 359 500 426 579 
India_006023.jpg,3 164 464 424 696 1 330 564 379 664 
India_009740.jpg,
Czech_000272.jpg,
Japan_010141.jpg,3 44 425 460 596 
Japan_002141.jpg,1 395 385 540 598 
Japan_011858.jpg,3 255 479 448 578 2 92 485 194 504 
Japan_000647.jpg,1 20 459 78 515 3 20 459 78 515 
Czech_003119.jpg,
India_005056.jpg,
India_001371.jpg,3 397 395 582 599 3 435 464 576 602 
Czech_001313.jpg,
India_003771.jpg,
Japan_012748.jpg,1 258 414 370 579 
India_000975.jpg,
India_002414.jpg,3 172 443 617 650 
Japan_004142.jpg,
Czech_003156.jpg,
Japan_006403.jpg,4 75 266 130 314 1 149 54 217 189 4 68 328 114 374 4 366 102 403 123 
Japan_005664.jpg,
India_004691.jpg,
Japan_001709.jpg,
Japan_007827.jpg,4 291 479 321 505 
Japan_006585.jpg,
Japan_010602.jpg,
Czech_000267.jpg,
Japan_002385.jpg,
Japan_002312.jpg,3 0 29 591 445 
Japan_004546.jpg,3 198 381 416 569 4 500 447 544 468 4 513 475 583 520 
India_002476.jpg,
India_002627.jpg,4 23 365 562 665 4 392 670 465 719 
Japan_008564.jpg,3 443 507 594 574 
Japan_008252.jpg,3 126 407 588 597 
Czech_003154.jpg,
India_002866.jpg,
India_000370.jpg,
India_000050.jpg,
India_000355.jpg,
India_005658.jpg,3 134 520 658 711 
Japan_001801.jpg,3 0 419 588 586 
Japan_011938.jpg,4 260 464 296 482 3 34 374 378 523 
India_007495.jpg,
Japan_001844.jpg,
Japan_003385.jpg,1 362 466 430 524 
Japan_011272.jpg,2 380 403 478 416 3 161 353 294 499 
Japan_007846.jpg,3 408 415 591 578 
Japan_012591.jpg,
Japan_000830.jpg,
India_002012.jpg,4 26 602 78 633 
India_001391.jpg,
India_009361.jpg,4 411 622 451 654 
Japan_009446.jpg,1 422 425 578 534 
Japan_003353.jpg,3 216 397 381 593 3 202 409 562 596 
Japan_002667.jpg,
Japan_006129.jpg,4 220 332 266 353 
Japan_001124.jpg,1 348 429 380 486 
Japan_003953.jpg,3 365 424 525 583 
Japan_000770.jpg,3 203 394 600 488 3 20 359 600 489 
Japan_001253.jpg,1 260 485 285 546 
Japan_003203.jpg,4 411 423 453 440 3 413 505 592 597 4 4 558 73 591 
India_008454.jpg,
Czech_001674.jpg,
India_007192.jpg,3 171 511 667 679 
India_008320.jpg,3 269 561 714 712 4 404 539 457 580 4 121 415 214 466 
India_002707.jpg,3 35 299 599 713 
Japan_007737.jpg,
Japan_002375.jpg,
Czech_001891.jpg,
Japan_002815.jpg,
India_002442.jpg,
Japan_001901.jpg,
Japan_005048.jpg,3 191 456 600 593 
Japan_003511.jpg,3 382 441 596 596 
India_003615.jpg,
Japan_006633.jpg,
Czech_002413.jpg,
India_003390.jpg,3 24 531 599 698 3 289 538 607 688 
India_007098.jpg,3 443 491 720 713 
Japan_007838.jpg,3 117 396 547 600 4 422 444 474 471 
India_002687.jpg,
Japan_009371.jpg,
Japan_006596.jpg,
Japan_006225.jpg,3 0 404 586 599 
Czech_001904.jpg,
Japan_012098.jpg,
Japan_001619.jpg,4 460 442 526 473 
Czech_002082.jpg,
Japan_011095.jpg,4 504 548 553 600 4 387 448 426 480 1 395 448 436 486 
Japan_010746.jpg,3 201 438 509 596 
Japan_007306.jpg,3 109 424 532 599 4 175 451 219 470 
Japan_010817.jpg,1 0 376 96 576 
Japan_001163.jpg,3 59 401 207 592 
Japan_006747.jpg,
Japan_008568.jpg,
India_004152.jpg,
Japan_003810.jpg,
Japan_011128.jpg,3 74 394 222 594 
Japan_010226.jpg,1 386 420 518 569 
India_008937.jpg,
Japan_000280.jpg,1 306 529 352 575 1 349 485 474 572 
India_002316.jpg,4 390 547 426 563 4 52 630 287 716 
Japan_008695.jpg,
Czech_003200.jpg,4 373 447 407 466 
India_006263.jpg,4 478 579 536 613 
India_008690.jpg,
India_000167.jpg,
Japan_005934.jpg,
Japan_010959.jpg,3 323 377 593 563 2 140 372 342 402 
Japan_006768.jpg,3 20 106 598 508 
India_000755.jpg,
Japan_008085.jpg,
India_007162.jpg,
Japan_004374.jpg,1 230 397 306 600 
Japan_001639.jpg,1 297 374 381 600 
India_000838.jpg,3 49 519 385 709 
Japan_003283.jpg,
Japan_006143.jpg,
Japan_002725.jpg,
India_003492.jpg,4 316 431 353 453 4 547 626 634 655 
Japan_002974.jpg,
India_005650.jpg,4 411 510 462 540 4 428 539 493 572 1 486 456 533 513 
India_002037.jpg,3 302 580 476 665 
Czech_002325.jpg,1 214 432 390 527 
India_004930.jpg,4 0 507 337 698 4 0 508 191 606 
Czech_002387.jpg,
Czech_000053.jpg,
Japan_012711.jpg,3 3 351 440 595 
Japan_001726.jpg,
India_007320.jpg,
India_008202.jpg,
Japan_005738.jpg,3 288 423 592 562 
Japan_010651.jpg,1 255 187 353 468 
Czech_002373.jpg,
Japan_008253.jpg,
India_002888.jpg,
Japan_000549.jpg,3 0 400 588 599 3 247 390 597 599 
India_008536.jpg,4 280 396 344 432 4 168 495 267 539 4 89 492 300 604 
India_004736.jpg,
Japan_003284.jpg,3 325 449 448 541 
Czech_001575.jpg,
India_002988.jpg,
Japan_011811.jpg,3 77 448 339 597 1 272 457 309 508 
Japan_003356.jpg,4 375 399 420 415 3 161 394 248 600 
India_009779.jpg,4 396 509 472 538 4 409 446 464 472 3 3 550 352 688 4 75 549 321 612 4 159 508 207 530 
Japan_010907.jpg,
Japan_007870.jpg,
India_008176.jpg,
Czech_000051.jpg,
India_000947.jpg,
Japan_002958.jpg,
India_004078.jpg,
Japan_000714.jpg,1 16 335 186 579 
Czech_002822.jpg,
India_003924.jpg,3 33 423 444 693 
Japan_000417.jpg,
Czech_000847.jpg,
Japan_012090.jpg,3 21 292 344 584 
Japan_011366.jpg,3 20 147 231 432 
Japan_004772.jpg,1 320 509 347 600 
Japan_000730.jpg,
Czech_000016.jpg,
India_006618.jpg,
Japan_002255.jpg,3 247 377 442 563 4 491 512 524 532 
Japan_010354.jpg,
India_006242.jpg,3 53 410 638 549 
India_009265.jpg,
Japan_002961.jpg,
Japan_012249.jpg,
Japan_003898.jpg,
Japan_008456.jpg,3 440 408 590 593 
India_009754.jpg,
Japan_011166.jpg,
Japan_010339.jpg,
Czech_002390.jpg,1 308 405 390 521 
India_000753.jpg,
Japan_011423.jpg,1 176 357 199 417 3 134 407 409 590 
India_008612.jpg,
Japan_006879.jpg,1 310 338 406 480 
India_009537.jpg,4 566 543 712 638 4 0 539 182 620 4 326 430 407 464 
Japan_008082.jpg,3 360 339 596 595 
Japan_010673.jpg,
Japan_008620.jpg,3 170 478 241 547 
Japan_012938.jpg,
Czech_000130.jpg,
India_002940.jpg,
Japan_006539.jpg,1 393 490 464 557 
Japan_004487.jpg,3 156 473 300 543 
India_002389.jpg,3 48 518 656 686 
Japan_010165.jpg,1 123 426 246 542 
Japan_001622.jpg,3 86 386 249 586 2 120 453 209 470 
India_004228.jpg,
Czech_001104.jpg,
Czech_000094.jpg,
India_005060.jpg,
Japan_000957.jpg,
Japan_002706.jpg,3 9 437 214 582 1 481 544 512 600 
India_007747.jpg,3 76 544 669 716 
Japan_008278.jpg,
India_000650.jpg,3 284 492 572 645 
India_008693.jpg,
India_005731.jpg,
India_002758.jpg,
India_002785.jpg,
Czech_000042.jpg,
Czech_001659.jpg,1 38 459 112 514 
India_005132.jpg,3 203 548 720 720 
Czech_002350.jpg,
Czech_003378.jpg,
India_003089.jpg,3 249 539 688 678 
India_004382.jpg,3 33 382 556 588 
Czech_000466.jpg,1 303 412 346 504 
Czech_001252.jpg,
India_003154.jpg,
Japan_008153.jpg,
Japan_011740.jpg,
Japan_004223.jpg,1 256 449 323 598 
Japan_005217.jpg,3 49 362 155 521 
Japan_001778.jpg,
Japan_001055.jpg,
Japan_008213.jpg,3 10 380 204 595 3 449 437 586 523 
Japan_002376.jpg,1 480 550 521 600 
Czech_003528.jpg,
Japan_002744.jpg,1 188 415 217 487 1 181 381 217 485 
Czech_001975.jpg,
Japan_000249.jpg,4 71 512 157 543 
Czech_001809.jpg,
Japan_006887.jpg,3 377 350 486 428 1 293 387 320 494 
Japan_012750.jpg,
Japan_010778.jpg,
India_003279.jpg,
Czech_002378.jpg,
Czech_000166.jpg,
India_002959.jpg,
Japan_004464.jpg,3 9 322 506 596 4 304 449 342 471 
Japan_009686.jpg,4 208 222 302 254 
India_002501.jpg,
Japan_003921.jpg,3 378 92 594 396 3 182 106 581 477 1 197 346 358 446 
Japan_001340.jpg,
Japan_012837.jpg,3 36 457 471 594 
Japan_011624.jpg,3 174 393 339 592 
Japan_004762.jpg,
Czech_000834.jpg,
India_001557.jpg,
India_006384.jpg,3 0 531 395 708 1 14 531 369 710 
Japan_001988.jpg,1 347 486 376 542 
Japan_010969.jpg,3 312 335 588 448 
Czech_000241.jpg,
India_001895.jpg,1 384 337 539 703 
India_000419.jpg,
India_005381.jpg,
Japan_009056.jpg,
India_008994.jpg,
India_006554.jpg,3 121 418 700 718 
Japan_003020.jpg,
India_001806.jpg,3 476 10 698 342 
Japan_009721.jpg,
India_000672.jpg,4 330 432 709 683 
Japan_011349.jpg,3 259 368 586 581 
Japan_004126.jpg,3 77 384 584 597 
Japan_000991.jpg,
India_001950.jpg,3 264 448 589 643 
India_007659.jpg,
Japan_000342.jpg,
India_000573.jpg,4 67 180 140 230 
Japan_009865.jpg,4 41 581 103 598 
Czech_001736.jpg,
India_009091.jpg,
India_008362.jpg,
Japan_007427.jpg,3 15 324 584 596 3 253 343 600 595 
Japan_008762.jpg,4 245 265 284 285 
India_004932.jpg,
Japan_006491.jpg,3 4 321 581 598 
Japan_007713.jpg,4 77 386 134 416 
Japan_009946.jpg,
Czech_003511.jpg,
Japan_013083.jpg,1 87 532 141 583 
Czech_000396.jpg,3 18 418 156 502 4 194 462 234 498 
India_007280.jpg,3 5 433 308 692 
Czech_000004.jpg,
Japan_009716.jpg,1 235 361 255 440 1 334 386 396 456 
India_002677.jpg,4 465 434 502 452 
India_002518.jpg,3 453 601 702 715 3 289 587 691 720 3 273 492 413 600 
India_005596.jpg,3 136 517 479 706 
India_003105.jpg,3 239 417 564 616 
Japan_004591.jpg,
Japan_006165.jpg,
Japan_007441.jpg,3 242 380 418 526 2 88 541 204 566 
India_001688.jpg,4 200 528 278 563 3 15 464 633 643 4 14 611 225 710 
Japan_010093.jpg,3 52 347 560 596 3 43 351 357 593 
India_007005.jpg,
India_008259.jpg,4 455 561 512 598 
India_005632.jpg,
Czech_000169.jpg,
Japan_011684.jpg,
Czech_000210.jpg,
Japan_001387.jpg,1 326 453 357 510 
India_009584.jpg,3 27 525 488 709 
Japan_004120.jpg,3 187 481 382 545 
Japan_006026.jpg,
India_002415.jpg,3 310 545 679 717 
Czech_000340.jpg,
India_005383.jpg,1 260 540 370 715 
Japan_008538.jpg,3 2 497 321 596 4 224 564 265 587 4 338 382 378 397 3 39 463 526 595 3 329 364 513 439 3 413 518 525 598 
Czech_002624.jpg,
Japan_005372.jpg,3 6 337 583 596 4 187 500 238 528 4 266 444 345 485 4 349 498 394 538 4 373 486 403 510 
Japan_005023.jpg,
Japan_013118.jpg,3 163 407 269 492 
India_003875.jpg,
India_007826.jpg,3 443 508 655 688 
Japan_011116.jpg,
Japan_008747.jpg,
Japan_008386.jpg,
India_002990.jpg,
India_001288.jpg,
Japan_011732.jpg,4 361 407 406 429 
Japan_000134.jpg,1 173 468 269 564 
India_003026.jpg,3 230 502 569 687 4 178 545 219 583 4 240 552 316 613 
India_004372.jpg,3 224 485 565 642 
Japan_012102.jpg,3 20 162 486 395 
India_003375.jpg,
Japan_003103.jpg,
Japan_002289.jpg,3 2 344 587 596 4 221 362 245 375 
India_003423.jpg,
India_004018.jpg,4 0 513 483 691 
India_007170.jpg,3 338 546 672 712 
India_008008.jpg,
India_004000.jpg,
Japan_010409.jpg,3 15 430 472 597 4 358 390 409 411 
Japan_010522.jpg,
Japan_007438.jpg,
Czech_002837.jpg,
India_008074.jpg,
Japan_007773.jpg,3 86 376 563 600 3 112 388 401 598 
India_003280.jpg,
Japan_008459.jpg,
Japan_005090.jpg,
India_001600.jpg,3 10 458 499 633 3 148 441 576 623 
Japan_008014.jpg,
India_005244.jpg,
India_000063.jpg,3 30 416 702 715 
Japan_004738.jpg,
India_003226.jpg,
Japan_012018.jpg,1 231 364 293 566 2 131 381 246 396 
Japan_009317.jpg,
Japan_012293.jpg,1 369 432 470 538 
Japan_003501.jpg,3 248 414 491 593 
Japan_009590.jpg,3 382 250 507 346 
Czech_001456.jpg,4 299 416 337 430 
India_002053.jpg,
India_004123.jpg,4 507 542 666 647 
Japan_008258.jpg,1 138 526 212 575 3 138 526 212 575 
India_000706.jpg,4 204 311 698 706 4 434 329 710 660 
India_005367.jpg,1 0 402 190 717 
Japan_007997.jpg,3 95 279 244 356 
India_008552.jpg,3 305 490 447 676 
Japan_007910.jpg,
Japan_007104.jpg,3 31 408 258 590 
Czech_002171.jpg,
India_009211.jpg,
India_003235.jpg,
India_000248.jpg,
Japan_001028.jpg,
Japan_009462.jpg,1 343 306 410 482 1 83 282 147 385 
India_000641.jpg,
India_008040.jpg,
India_000211.jpg,3 447 531 599 634 4 311 529 417 589 4 213 471 282 504 
Japan_010206.jpg,
India_002359.jpg,
Japan_002643.jpg,1 481 434 521 466 1 269 342 285 373 
India_007835.jpg,4 503 396 720 674 
India_007119.jpg,
India_009624.jpg,4 188 513 510 701 4 522 538 692 679 
India_002929.jpg,3 272 550 610 694 
India_007588.jpg,
Japan_013021.jpg,
Czech_000277.jpg,
Japan_012655.jpg,
Japan_008783.jpg,
Japan_004961.jpg,3 5 380 242 597 4 15 530 82 591 
Czech_003034.jpg,4 251 407 287 430 1 251 407 287 430 
Japan_008654.jpg,2 253 342 434 390 
Czech_003007.jpg,
Japan_012502.jpg,1 266 450 328 491 
India_003625.jpg,
Japan_000411.jpg,
India_000793.jpg,
Japan_009581.jpg,
India_004871.jpg,
Japan_007996.jpg,1 242 126 272 166 
India_003005.jpg,4 3 419 418 694 
Japan_006418.jpg,1 241 446 276 526 
Japan_008943.jpg,3 46 475 197 594 4 455 412 529 449 
India_001721.jpg,3 41 549 552 720 
Japan_009827.jpg,4 134 488 191 508 
Japan_009276.jpg,3 381 392 599 598 
India_007097.jpg,1 470 502 596 676 
Japan_001465.jpg,
Japan_004092.jpg,4 255 449 289 482 4 247 442 292 515 
Japan_005342.jpg,
India_009475.jpg,4 542 391 608 432 
India_000903.jpg,4 401 499 444 523 
India_008873.jpg,
Czech_000328.jpg,
Japan_001389.jpg,1 213 424 279 540 
India_003189.jpg,
India_006515.jpg,
India_002295.jpg,
Japan_009944.jpg,
Japan_002668.jpg,
Czech_001164.jpg,
India_006941.jpg,3 50 468 590 624 3 6 449 570 697 
Japan_004051.jpg,
India_000784.jpg,
India_002355.jpg,3 310 568 707 715 
Japan_008432.jpg,
Japan_012236.jpg,
Japan_008724.jpg,3 9 400 229 595 3 410 352 591 533 
Japan_008180.jpg,3 85 379 526 599 
Japan_007443.jpg,2 438 337 600 362 1 365 210 420 366 
India_005321.jpg,3 414 540 697 698 
India_003596.jpg,
Japan_011662.jpg,1 140 519 205 600 
Japan_001225.jpg,3 1 448 107 593 
India_002157.jpg,
Japan_011508.jpg,
Japan_009432.jpg,3 29 390 284 594 3 112 504 253 599 
India_003419.jpg,4 143 534 462 711 
Czech_003590.jpg,3 349 436 486 538 
Japan_006783.jpg,3 356 453 594 593 3 16 369 177 548 
Japan_007831.jpg,3 272 383 581 584 3 295 491 424 600 
India_007238.jpg,
Japan_010854.jpg,
Japan_009613.jpg,3 327 393 592 502 
Japan_000768.jpg,
India_008987.jpg,1 172 514 348 635 4 297 525 365 564 4 421 574 517 622 4 422 590 515 631 
India_004198.jpg,
India_000506.jpg,
India_005274.jpg,
India_008174.jpg,
India_004145.jpg,3 15 486 575 703 4 210 622 293 699 
India_001196.jpg,
Japan_003334.jpg,4 332 519 351 542 1 390 395 416 477 
India_001504.jpg,
India_007746.jpg,3 338 487 608 699 
Japan_006750.jpg,1 418 245 578 493 
Japan_004699.jpg,4 278 429 334 490 
Czech_000867.jpg,3 418 474 592 556 
Japan_002858.jpg,
Czech_001781.jpg,3 33 435 182 522 
Japan_001759.jpg,
Czech_000710.jpg,
India_009420.jpg,3 71 447 538 620 3 30 447 387 633 
Japan_009967.jpg,3 37 371 589 598 
Japan_010261.jpg,3 307 429 587 594 
Czech_002939.jpg,
Japan_002135.jpg,3 76 474 217 600 1 112 473 218 593 3 411 532 587 580 
Czech_002768.jpg,
Japan_002635.jpg,4 460 497 528 526 4 321 495 378 528 4 319 505 366 532 
India_000974.jpg,1 397 414 552 707 
Japan_008268.jpg,
Japan_013001.jpg,3 484 0 600 155 
India_008098.jpg,4 265 460 313 480 
India_003781.jpg,3 261 454 613 644 
India_008169.jpg,
Japan_004837.jpg,1 375 343 403 397 
India_000084.jpg,
India_006711.jpg,
Japan_003142.jpg,3 50 402 585 598 4 467 497 498 512 
Japan_005811.jpg,
Japan_011008.jpg,4 16 527 98 557 4 217 547 305 572 4 441 520 587 594 
India_009529.jpg,
Japan_008923.jpg,
Japan_000195.jpg,3 118 455 273 530 1 518 552 577 596 
India_003210.jpg,4 199 425 442 535 1 433 457 477 639 
Japan_005877.jpg,
India_001847.jpg,4 459 657 502 689 3 4 0 106 152 
Japan_005914.jpg,1 154 404 196 470 1 151 406 190 495 
Japan_002587.jpg,3 139 419 512 592 3 64 422 298 593 
Japan_007826.jpg,4 310 542 363 578 
Japan_000988.jpg,
Japan_005415.jpg,1 342 404 392 462 
Japan_000016.jpg,
Japan_001158.jpg,3 5 475 357 590 4 278 393 323 416 
Japan_005460.jpg,
Japan_001170.jpg,
India_009140.jpg,3 67 530 555 695 
Japan_001415.jpg,3 222 425 329 574 
Japan_003563.jpg,1 170 118 244 298 
India_001535.jpg,
India_008509.jpg,
Czech_000420.jpg,
Japan_012213.jpg,
Japan_002268.jpg,3 192 392 514 594 4 422 512 471 539 
Japan_009164.jpg,
India_000843.jpg,
Japan_011447.jpg,
Japan_004609.jpg,3 17 80 284 436 3 367 82 557 390 
Japan_006926.jpg,1 176 185 200 223 
India_009115.jpg,
Japan_003541.jpg,3 43 306 196 357 
Japan_001674.jpg,
India_007389.jpg,4 415 510 464 540 4 211 453 288 489 3 99 503 515 598 4 454 555 509 607 4 161 643 247 699 
Czech_003136.jpg,
Japan_006770.jpg,3 0 137 598 477 
Japan_000995.jpg,4 350 492 389 513 
India_001509.jpg,3 192 473 491 544 
Japan_009078.jpg,
Japan_013061.jpg,
Japan_008273.jpg,
Japan_006247.jpg,
India_008729.jpg,3 223 489 693 651 
India_007832.jpg,3 249 479 576 683 
Japan_010461.jpg,3 336 525 463 599 
Japan_006852.jpg,3 8 34 322 540 
India_009705.jpg,3 175 536 336 681 
Japan_010822.jpg,3 54 446 564 597 4 142 458 201 484 4 430 478 484 503 
Japan_011930.jpg,1 438 482 543 591 
Czech_002210.jpg,
Japan_009117.jpg,1 10 175 260 433 2 406 343 564 385 
Czech_000073.jpg,1 80 449 135 511 
Japan_010832.jpg,3 327 378 590 600 3 3 502 194 589 
Japan_003634.jpg,
Japan_000595.jpg,3 7 315 582 593 
India_006887.jpg,4 76 576 454 679 
India_007461.jpg,
India_009350.jpg,4 89 527 181 581 
India_002559.jpg,
India_002928.jpg,
Japan_012021.jpg,
Czech_000026.jpg,
Japan_011006.jpg,3 404 457 597 549 
Japan_006271.jpg,3 142 425 291 590 
Japan_010572.jpg,
India_000120.jpg,
India_004174.jpg,
India_009364.jpg,3 177 486 634 616 
Japan_000792.jpg,1 150 346 179 380 3 309 501 600 600 
India_003009.jpg,3 10 517 588 704 
Czech_000927.jpg,
India_008884.jpg,
Japan_006546.jpg,3 251 398 407 592 
Japan_010910.jpg,
India_005792.jpg,
India_004487.jpg,
India_005805.jpg,4 8 442 353 716 
Japan_006834.jpg,3 114 405 270 596 2 437 564 560 591 
India_006002.jpg,
Czech_000716.jpg,1 101 375 182 435 1 204 391 228 444 
India_009231.jpg,3 398 487 675 661 
Czech_001070.jpg,
Japan_003498.jpg,
India_009393.jpg,
India_008882.jpg,3 305 499 687 711 
India_004712.jpg,
Czech_003487.jpg,3 207 423 284 505 
India_001577.jpg,3 11 431 374 683 
India_001654.jpg,3 17 502 505 696 3 261 426 450 518 
Japan_003592.jpg,
Japan_010626.jpg,3 320 382 494 579 
India_005255.jpg,3 76 479 518 644 
Japan_011012.jpg,
Japan_008262.jpg,3 14 430 223 596 
India_004892.jpg,
India_008273.jpg,3 68 464 566 615 
India_006313.jpg,1 11 567 184 717 
Japan_012360.jpg,3 303 388 593 599 
Japan_011151.jpg,
Japan_002834.jpg,
Czech_002038.jpg,
Japan_002482.jpg,
India_008493.jpg,3 59 513 520 708 
India_002568.jpg,
Japan_007224.jpg,4 415 451 487 480 
India_008334.jpg,3 146 394 584 570 
Japan_012891.jpg,1 316 467 341 568 
Czech_001589.jpg,
Czech_003149.jpg,1 200 463 223 514 
Japan_012372.jpg,
India_007528.jpg,
Japan_010950.jpg,
Japan_011795.jpg,
Japan_012132.jpg,
Japan_007125.jpg,
Japan_002819.jpg,
Czech_002580.jpg,
India_004021.jpg,4 147 375 624 673 
Japan_005746.jpg,
India_008573.jpg,1 145 311 332 657 
India_008369.jpg,
Japan_012501.jpg,3 70 413 266 593 3 94 438 238 538 
Japan_010291.jpg,3 207 367 341 439 
Japan_011517.jpg,
Japan_012462.jpg,3 329 398 521 591 
Japan_005175.jpg,
India_001608.jpg,
Japan_008379.jpg,
India_006393.jpg,
Japan_007869.jpg,3 90 425 557 597 
India_002016.jpg,3 138 470 614 646 4 377 558 429 592 
Japan_012620.jpg,
Czech_000714.jpg,1 181 388 280 503 
Japan_013108.jpg,3 151 431 361 595 4 212 537 253 579 
Japan_006615.jpg,2 135 446 338 472 
India_004119.jpg,3 150 540 575 718 
Czech_000528.jpg,
India_002597.jpg,
Czech_001373.jpg,
Japan_005758.jpg,3 133 371 432 598 
Czech_002563.jpg,
India_004789.jpg,
Czech_001056.jpg,1 80 402 203 515 
Japan_004445.jpg,3 87 348 590 596 
Japan_009487.jpg,
India_004990.jpg,4 306 614 427 720 
Japan_001798.jpg,
Czech_000837.jpg,
India_005590.jpg,
India_005614.jpg,4 322 581 385 616 
India_001532.jpg,
India_005213.jpg,
India_009202.jpg,
Japan_010331.jpg,3 3 392 170 567 
Japan_009816.jpg,
India_009106.jpg,
Japan_001261.jpg,4 392 495 439 513 
India_005522.jpg,3 9 448 354 606 4 476 463 668 596 3 7 472 344 698 
Czech_000172.jpg,
Japan_012799.jpg,1 299 355 364 470 
India_009493.jpg,1 632 538 682 574 
India_004796.jpg,
India_006007.jpg,
Japan_011674.jpg,
Czech_002601.jpg,
India_006587.jpg,
Japan_009768.jpg,3 119 376 598 598 3 414 361 592 589 
Japan_005521.jpg,
Japan_011000.jpg,3 233 448 466 589 
India_005112.jpg,
Japan_005392.jpg,3 43 252 278 511 3 121 252 278 480 
Japan_012408.jpg,
Japan_011921.jpg,4 447 512 493 535 3 16 376 542 589 4 27 473 117 518 
India_002879.jpg,
India_002457.jpg,3 11 468 567 638 
India_002440.jpg,
Japan_010252.jpg,
India_003590.jpg,3 117 379 653 720 
Japan_009978.jpg,
India_004866.jpg,
India_005327.jpg,
Japan_004951.jpg,2 398 428 580 454 
India_008405.jpg,
Japan_010453.jpg,
Czech_001412.jpg,
India_003978.jpg,
Japan_007177.jpg,3 11 93 590 415 
India_008006.jpg,4 182 370 696 523 4 63 371 720 608 
India_004644.jpg,
Japan_001206.jpg,3 16 351 278 596 
Japan_003992.jpg,
India_008335.jpg,1 245 471 303 562 
Japan_012736.jpg,3 59 418 162 534 3 27 436 173 595 
India_009135.jpg,4 192 535 275 574 4 363 425 435 462 4 390 440 468 481 
Japan_012533.jpg,
India_004314.jpg,3 280 463 574 594 
India_007969.jpg,
India_000886.jpg,
Japan_008578.jpg,3 205 354 463 587 2 22 382 140 403 
Czech_001822.jpg,
Japan_003450.jpg,
Czech_000096.jpg,
Japan_000226.jpg,
India_008917.jpg,1 19 377 252 570 
India_001290.jpg,3 37 562 504 713 
India_009067.jpg,3 281 489 534 646 
Japan_009899.jpg,3 380 311 592 476 3 4 382 180 563 1 170 497 294 600 
India_006377.jpg,3 264 421 707 580 
Japan_004934.jpg,3 19 425 479 588 
Czech_003424.jpg,
India_004499.jpg,
India_002370.jpg,
Japan_000820.jpg,
Czech_000487.jpg,1 215 450 243 509 3 368 516 531 584 
India_002911.jpg,3 19 489 535 685 3 352 464 561 663 
Japan_001390.jpg,3 28 455 587 600 
Japan_007116.jpg,
India_003025.jpg,
Japan_007715.jpg,4 377 574 421 598 4 466 567 501 586 
Japan_003588.jpg,
India_004808.jpg,
Czech_000390.jpg,
Japan_007605.jpg,3 453 398 533 563 
Japan_011408.jpg,
Japan_007985.jpg,3 42 398 547 600 
Japan_006741.jpg,
Japan_007701.jpg,3 147 393 316 593 3 327 416 582 593 
Czech_000649.jpg,
Japan_010582.jpg,3 176 372 337 579 
Czech_001419.jpg,
Japan_009752.jpg,3 57 387 588 596 3 8 513 157 600 
Japan_001203.jpg,
India_002294.jpg,
Japan_002067.jpg,
Japan_011013.jpg,
Japan_012445.jpg,3 3 387 171 485 
Japan_010760.jpg,1 331 456 380 545 
India_003477.jpg,
Japan_007896.jpg,3 17 374 285 596 
Czech_002486.jpg,
Czech_002902.jpg,
Japan_012243.jpg,4 487 539 548 577 
India_005341.jpg,
Japan_010394.jpg,
Japan_005523.jpg,1 97 160 191 452 1 307 121 343 178 
Japan_011905.jpg,3 32 256 568 591 3 175 245 365 326 3 429 393 600 592 
India_003600.jpg,3 83 445 659 614 
Czech_001977.jpg,
India_008196.jpg,3 286 583 638 720 
Japan_010941.jpg,3 169 326 359 521 4 213 327 254 350 
Japan_004065.jpg,
India_000048.jpg,
Czech_003358.jpg,4 370 486 437 511 
Czech_001834.jpg,
India_001650.jpg,2 378 34 622 81 
Japan_007620.jpg,
Japan_011888.jpg,4 84 415 132 442 3 29 403 321 553 3 324 520 539 599 3 21 427 186 534 
Japan_002543.jpg,3 372 385 518 460 1 279 405 333 600 1 30 375 158 482 
Japan_006092.jpg,3 4 456 393 586 
India_003798.jpg,
Japan_000514.jpg,
Czech_001096.jpg,1 0 413 159 497 
India_003743.jpg,4 15 568 112 616 
Japan_000819.jpg,3 370 167 539 348 3 7 159 153 318 
India_001025.jpg,
India_002964.jpg,3 2 490 536 692 3 328 536 502 655 
Japan_006060.jpg,3 258 403 407 594 3 6 410 448 600 
Japan_003348.jpg,
India_008583.jpg,3 132 466 711 697 
Japan_010004.jpg,
India_001157.jpg,3 289 462 674 614 
India_007167.jpg,
Japan_012665.jpg,
India_003038.jpg,
Japan_000157.jpg,3 5 368 212 592 
India_008246.jpg,
Japan_002199.jpg,3 313 7 534 518 
Japan_000060.jpg,4 365 151 796 408 4 363 155 640 333 
Japan_008957.jpg,1 435 467 543 599 1 313 233 360 314 1 439 467 486 512 
Japan_001672.jpg,1 275 468 318 561 
Japan_001388.jpg,1 348 425 383 486 
Japan_001132.jpg,3 0 42 261 356 3 13 404 293 597 
Japan_004807.jpg,3 131 292 256 386 1 398 377 470 527 
India_002382.jpg,
Japan_001497.jpg,3 54 354 591 598 
Japan_007913.jpg,3 88 403 584 596 
Japan_007031.jpg,
India_006259.jpg,1 508 282 706 681 
India_006423.jpg,3 9 520 597 685 
India_006136.jpg,
Czech_002718.jpg,
Japan_011422.jpg,4 186 489 238 516 4 458 464 500 487 3 29 397 584 596 
India_009399.jpg,
Japan_008612.jpg,
Japan_002351.jpg,
Czech_003489.jpg,
Czech_002976.jpg,
India_004725.jpg,1 507 534 705 720 
India_003612.jpg,3 247 527 708 658 
India_003723.jpg,
Japan_011961.jpg,
Japan_010858.jpg,4 415 442 438 461 4 132 539 172 578 
India_008422.jpg,4 430 611 456 632 
India_006590.jpg,4 492 529 553 556 3 17 511 712 708 4 141 517 305 586 4 372 618 625 684 4 375 476 485 514 4 601 506 669 534 
Czech_000116.jpg,
Czech_000317.jpg,
Czech_001717.jpg,
Czech_002249.jpg,
India_003367.jpg,3 151 530 532 713 3 25 552 465 709 
Czech_000906.jpg,1 2 396 153 502 
Japan_006308.jpg,
Japan_004879.jpg,
India_006067.jpg,
India_007963.jpg,1 418 507 449 597 
Japan_000569.jpg,3 142 450 280 540 
India_009694.jpg,
India_007473.jpg,
Japan_007554.jpg,2 68 464 284 489 
India_002221.jpg,3 36 504 535 688 4 19 583 106 640 
India_001073.jpg,
India_006299.jpg,3 22 319 400 568 
India_007760.jpg,
India_001325.jpg,4 465 492 499 522 4 606 457 652 498 
Japan_004303.jpg,
Japan_000969.jpg,3 1 378 461 595 
Japan_012832.jpg,3 141 81 328 295 
Japan_002955.jpg,
Japan_003227.jpg,1 335 409 402 555 
Japan_002052.jpg,
Japan_000021.jpg,1 248 418 397 597 
India_006606.jpg,3 22 443 700 716 
Japan_010610.jpg,
Japan_009370.jpg,4 431 410 690 542 
Japan_006977.jpg,
India_005951.jpg,3 3 447 620 686 3 144 442 585 643 
India_003613.jpg,3 125 456 510 635 
India_009052.jpg,
India_001212.jpg,
India_007446.jpg,1 269 526 326 576 
India_008324.jpg,3 92 563 573 720 
Japan_010040.jpg,1 140 378 168 413 
Czech_002524.jpg,
India_000906.jpg,3 30 538 495 710 
Japan_004728.jpg,1 416 487 449 565 2 7 548 212 597 
Japan_012632.jpg,
Czech_000319.jpg,4 310 415 354 449 
Japan_010474.jpg,1 492 507 534 582 
India_005984.jpg,
India_004957.jpg,3 217 323 691 700 4 326 436 390 470 
India_001108.jpg,
India_006119.jpg,
Czech_001999.jpg,
Japan_005955.jpg,3 46 461 406 591 3 405 483 600 583 
Czech_001459.jpg,1 276 408 307 445 
Japan_011594.jpg,2 505 511 600 530 
Japan_000223.jpg,
Japan_004712.jpg,3 418 443 590 595 3 8 348 279 598 4 460 567 523 599 4 187 524 230 579 
Japan_002033.jpg,4 545 327 798 437 4 226 366 381 439 
India_004748.jpg,3 135 508 567 691 
India_008791.jpg,4 374 501 419 528 
India_001671.jpg,4 2 308 289 661 
India_007347.jpg,
Japan_008918.jpg,
India_004795.jpg,3 8 460 597 630 
Japan_011596.jpg,
India_009450.jpg,
Japan_000940.jpg,3 9 375 246 590 
Czech_000114.jpg,
India_006957.jpg,4 253 453 350 503 
Czech_002310.jpg,
Japan_001590.jpg,3 413 154 596 390 3 402 159 555 288 
Czech_001642.jpg,
Japan_010824.jpg,3 17 397 216 593 
Japan_010152.jpg,1 116 359 165 433 
Czech_002188.jpg,
India_000060.jpg,1 88 480 359 718 
Japan_002297.jpg,
Japan_009170.jpg,3 0 373 337 596 
Japan_009200.jpg,4 248 129 528 312 4 548 164 680 230 
Japan_006235.jpg,1 218 418 241 521 
India_006134.jpg,
Czech_001692.jpg,
India_005460.jpg,
Japan_010984.jpg,2 0 453 161 493 
Japan_003288.jpg,1 325 341 387 523 
Japan_001924.jpg,3 130 144 415 293 4 0 113 43 165 
India_002876.jpg,4 364 486 427 527 4 444 554 514 602 4 435 544 601 667 
Japan_008374.jpg,2 91 280 538 346 
Czech_001852.jpg,
Japan_004419.jpg,1 148 446 279 542 3 148 446 279 542 
India_004412.jpg,3 70 553 576 716 
Japan_012106.jpg,3 49 504 162 599 
India_006195.jpg,
Japan_006998.jpg,4 449 384 513 415 3 147 372 463 494 3 94 369 566 520 
Japan_006733.jpg,3 417 418 594 594 
Japan_001478.jpg,3 0 390 555 598 4 343 359 375 374 3 195 414 588 599 4 386 562 423 594 4 328 513 353 531 
Japan_005657.jpg,4 352 153 414 206 3 184 11 443 128 
India_002952.jpg,1 389 626 413 683 
Japan_002877.jpg,1 277 328 561 565 3 266 315 578 570 
Japan_007940.jpg,3 305 237 589 596 
India_003559.jpg,4 414 580 467 619 4 359 478 423 515 3 147 475 589 668 4 266 595 355 655 4 405 585 470 632 
Japan_003855.jpg,3 10 291 590 590 
Japan_003329.jpg,
India_002399.jpg,3 312 488 705 644 3 6 480 659 679 
Czech_001380.jpg,
Czech_001921.jpg,3 25 424 197 496 3 396 458 459 517 3 410 456 523 539 3 59 418 266 500 4 25 424 197 496 
India_000239.jpg,
Japan_003362.jpg,3 27 181 527 442 
Czech_002457.jpg,
Japan_009365.jpg,1 363 289 394 366 
Czech_001930.jpg,
Czech_001346.jpg,
India_002425.jpg,3 7 472 341 697 4 6 474 345 701 
India_007306.jpg,
Japan_009455.jpg,3 215 338 359 549 
Japan_008981.jpg,3 120 396 463 598 
India_009617.jpg,
Japan_010603.jpg,
Japan_010500.jpg,
India_003887.jpg,4 625 487 718 556 
Japan_001213.jpg,
Japan_009576.jpg,3 386 366 589 561 
Japan_011941.jpg,2 56 499 238 535 
India_001784.jpg,
Japan_012823.jpg,3 141 359 289 585 3 423 420 595 591 
Czech_000099.jpg,
Japan_005692.jpg,3 8 443 428 587 4 14 496 77 527 4 37 415 132 448 
India_002090.jpg,
India_008451.jpg,
India_008602.jpg,4 70 613 119 642 
Japan_000747.jpg,3 260 419 409 564 1 334 478 377 555 
Japan_010094.jpg,4 254 397 290 412 3 303 398 594 594 4 88 504 178 552 
Japan_004860.jpg,3 125 465 386 591 3 231 472 372 582 
Czech_000972.jpg,
Japan_000907.jpg,
India_006946.jpg,3 41 432 667 616 
India_008939.jpg,
India_004445.jpg,
Czech_001703.jpg,
India_005779.jpg,4 3 443 312 684 4 392 400 497 457 4 117 430 325 516 
Japan_011880.jpg,
Japan_009782.jpg,3 33 421 586 599 
Japan_008212.jpg,4 163 512 230 547 3 12 416 187 593 4 160 520 230 562 
India_000479.jpg,3 43 355 602 708 
India_002769.jpg,
India_006836.jpg,
India_002365.jpg,3 22 533 536 709 3 380 174 720 415 
Japan_006016.jpg,
Japan_009579.jpg,
Japan_010904.jpg,3 246 442 600 599 
Japan_002431.jpg,3 18 447 228 597 3 288 326 428 407 
Japan_002801.jpg,1 346 352 372 394 
Japan_005691.jpg,
India_000828.jpg,4 251 646 330 702 
India_006852.jpg,3 81 544 662 695 
India_003448.jpg,
Japan_009649.jpg,3 31 416 453 599 
Japan_000524.jpg,
Japan_012990.jpg,
Japan_003206.jpg,
India_007808.jpg,
India_001937.jpg,
Japan_008789.jpg,
India_001898.jpg,3 61 501 288 701 
Japan_003749.jpg,3 7 391 581 597 
Japan_001711.jpg,4 431 502 479 535 
India_009344.jpg,
Japan_005886.jpg,
India_008668.jpg,3 27 323 577 703 
India_000904.jpg,3 33 528 594 719 
Japan_009155.jpg,4 275 568 332 600 
Japan_007793.jpg,
India_009409.jpg,4 282 534 508 647 
India_002812.jpg,
Japan_011426.jpg,4 47 415 91 434 3 311 391 503 463 
Japan_002353.jpg,1 371 435 416 536 
India_003940.jpg,
Japan_006775.jpg,3 12 294 255 593 
Japan_008906.jpg,3 11 427 217 597 
Czech_002186.jpg,
Japan_002251.jpg,3 465 231 600 419 
Japan_006920.jpg,4 235 548 304 573 
India_001329.jpg,4 274 526 461 592 
Japan_008883.jpg,
India_000397.jpg,3 13 535 644 699 
Japan_010270.jpg,
India_002335.jpg,2 540 113 720 166 
Japan_001057.jpg,
Japan_003982.jpg,3 382 382 586 592 3 299 375 475 463 
Japan_010721.jpg,3 296 425 477 594 3 424 396 597 537 
India_004970.jpg,4 413 505 480 540 
India_000686.jpg,4 150 499 185 526 
India_007711.jpg,
Japan_012723.jpg,1 251 524 269 544 1 249 519 270 561 1 232 571 255 596 
Japan_007548.jpg,4 198 548 225 572 3 114 510 302 600 
Japan_006193.jpg,
India_009197.jpg,
Japan_002967.jpg,4 0 537 30 576 
India_001224.jpg,
Japan_012492.jpg,1 261 368 321 600 
India_002542.jpg,3 327 523 704 692 
Japan_009338.jpg,
India_003876.jpg,1 506 329 676 652 
Japan_012544.jpg,
Japan_013095.jpg,3 279 476 486 556 
India_000015.jpg,
India_003534.jpg,3 116 438 511 616 4 264 410 356 447 4 241 476 301 503 4 247 416 342 451 
Czech_002337.jpg,
India_006159.jpg,
Japan_003481.jpg,
India_003991.jpg,
Japan_006746.jpg,
Japan_012139.jpg,
Japan_003114.jpg,
Japan_007700.jpg,
India_007361.jpg,3 276 507 702 686 
Japan_003894.jpg,
India_008808.jpg,
India_003655.jpg,4 439 569 513 597 
Japan_000185.jpg,1 379 455 474 565 
India_004720.jpg,
India_007913.jpg,3 313 479 622 685 
India_003860.jpg,
Japan_006014.jpg,2 250 475 363 493 2 432 523 553 539 
Japan_002860.jpg,3 241 439 389 594 3 526 428 591 471 
India_006764.jpg,4 239 398 700 574 4 289 461 528 572 
Japan_006363.jpg,3 224 445 437 590 
Japan_002457.jpg,
Japan_005132.jpg,1 421 454 530 600 
Japan_009062.jpg,2 0 534 204 585 
Czech_003299.jpg,2 0 438 101 458 
Japan_002275.jpg,
Czech_001489.jpg,
Czech_001965.jpg,
Czech_000903.jpg,
India_006366.jpg,3 245 497 720 679 
Japan_011018.jpg,1 286 403 427 592 
Czech_002402.jpg,4 18 432 73 460 
Japan_004542.jpg,3 7 358 515 596 
India_002277.jpg,3 304 551 598 718 4 4 508 171 594 
India_001011.jpg,
Japan_003173.jpg,3 439 402 599 581 
Czech_003178.jpg,
Japan_010523.jpg,3 281 325 600 594 4 318 341 361 373 
Czech_002341.jpg,1 236 408 253 438 
Japan_007489.jpg,3 0 147 359 475 
Japan_012109.jpg,1 429 244 533 376 4 107 271 163 300 
India_009596.jpg,
Czech_001542.jpg,
Japan_004127.jpg,1 371 351 595 515 
Japan_010430.jpg,3 140 296 288 459 3 427 296 551 435 
Japan_002659.jpg,3 34 355 520 600 
Czech_000460.jpg,
India_004467.jpg,
India_004007.jpg,3 16 509 522 680 
India_000344.jpg,
India_005683.jpg,
Japan_007244.jpg,4 497 162 621 289 
India_005249.jpg,4 328 467 402 502 
Japan_003045.jpg,
Japan_006322.jpg,
Japan_003248.jpg,
India_006261.jpg,
Japan_011993.jpg,3 417 396 596 540 2 343 444 446 459 
Japan_001181.jpg,3 8 373 252 590 4 563 416 596 436 
India_001871.jpg,
Japan_006672.jpg,
Japan_007712.jpg,
Japan_008360.jpg,3 4 210 239 390 
India_003166.jpg,3 272 395 591 564 
Japan_003776.jpg,
Japan_001384.jpg,3 65 312 306 595 3 371 384 561 530 
Japan_000174.jpg,
India_006217.jpg,
Japan_009881.jpg,3 219 303 600 598 
Japan_011651.jpg,4 115 469 168 494 
Japan_011998.jpg,1 465 367 533 419 
Japan_008474.jpg,3 33 308 597 592 
India_007798.jpg,
Japan_001210.jpg,
India_002420.jpg,3 120 177 226 382 
India_009711.jpg,
Czech_002548.jpg,
Japan_004452.jpg,
India_006792.jpg,4 494 533 544 571 
Japan_007747.jpg,
Japan_011192.jpg,3 458 368 597 583 3 478 422 598 600 
Japan_010476.jpg,1 84 328 213 524 
Japan_000624.jpg,3 123 33 580 396 
Japan_004806.jpg,1 13 347 208 555 
India_002306.jpg,3 35 433 500 635 
Japan_008048.jpg,3 0 328 496 599 4 216 477 265 508 
Japan_008453.jpg,
Japan_007693.jpg,4 215 428 309 480 4 211 502 248 533 4 377 491 433 525 
India_002041.jpg,
India_003304.jpg,3 10 521 583 701 
India_007156.jpg,3 249 537 570 715 
Japan_002080.jpg,4 470 537 522 580 
India_004488.jpg,3 31 454 653 711 4 532 435 616 462 
Czech_003417.jpg,
Japan_012677.jpg,4 156 488 186 509 
Japan_005280.jpg,
Japan_007685.jpg,3 6 369 549 599 4 219 473 304 505 4 217 479 284 506 
Japan_003246.jpg,
Japan_001650.jpg,
Japan_007205.jpg,
Czech_000138.jpg,
India_001255.jpg,4 439 570 513 664 
Japan_012470.jpg,
India_006431.jpg,3 168 459 544 636 4 341 582 382 613 
Japan_010134.jpg,3 76 428 509 597 
Czech_003591.jpg,
Japan_003499.jpg,
Japan_002132.jpg,2 406 519 578 571 3 406 519 578 571 4 45 471 111 495 
Japan_001229.jpg,3 209 408 399 451 
Japan_008392.jpg,
Czech_001801.jpg,1 249 386 279 458 
India_008562.jpg,
Japan_001820.jpg,1 20 330 198 572 3 346 395 580 590 
Japan_000159.jpg,3 2 109 579 476 
India_006208.jpg,4 314 573 461 677 
Japan_010521.jpg,
India_002377.jpg,
Japan_007387.jpg,1 344 491 429 588 
Japan_001932.jpg,
Czech_000993.jpg,
Japan_011793.jpg,4 252 541 330 574 3 135 387 440 547 
India_002131.jpg,
Czech_001446.jpg,
Japan_003086.jpg,3 326 372 559 570 3 16 447 218 594 
Czech_002064.jpg,
Japan_012110.jpg,1 231 450 313 562 
Czech_002098.jpg,4 439 445 486 459 
Japan_011730.jpg,
India_009059.jpg,3 108 528 517 710 
India_005377.jpg,4 146 550 309 647 
India_008166.jpg,
Japan_003341.jpg,
Japan_012412.jpg,1 181 386 222 475 
India_004729.jpg,3 168 397 400 555 3 147 398 522 559 1 420 405 518 563 
India_009336.jpg,
India_009291.jpg,3 20 490 643 696 4 7 628 180 715 
India_008600.jpg,
Japan_009553.jpg,
Japan_009010.jpg,
Japan_002673.jpg,3 30 374 587 591 
Japan_004949.jpg,3 42 365 591 598 
India_008550.jpg,
Japan_012431.jpg,3 32 257 556 517 
Japan_004298.jpg,
India_001226.jpg,1 515 565 678 708 
Japan_009688.jpg,
Japan_005784.jpg,
Japan_011092.jpg,
India_005323.jpg,3 24 459 552 645 
India_002258.jpg,
India_008342.jpg,
Japan_007616.jpg,3 52 250 204 332 
Japan_002337.jpg,1 346 352 389 388 
Czech_000527.jpg,
Japan_011946.jpg,3 410 446 586 521 
Japan_010852.jpg,
Japan_009161.jpg,
Czech_002936.jpg,
Japan_003751.jpg,
India_009508.jpg,
India_009658.jpg,
Japan_009205.jpg,
Japan_011750.jpg,3 15 451 561 599 
Japan_003959.jpg,3 148 457 267 589 
Japan_000853.jpg,1 375 458 456 560 
Japan_006914.jpg,
India_000530.jpg,
Czech_001002.jpg,
Japan_013088.jpg,3 480 443 600 594 1 193 466 238 526 
Japan_010195.jpg,1 189 556 215 596 1 404 562 444 599 
Japan_012542.jpg,2 403 391 581 420 
Japan_008930.jpg,3 423 503 559 585 
Japan_011362.jpg,
India_009827.jpg,
India_001801.jpg,
Japan_012433.jpg,3 317 497 600 600 
Czech_002562.jpg,
India_007186.jpg,4 337 575 388 611 
India_001468.jpg,
Japan_001250.jpg,
Japan_006078.jpg,
Czech_002760.jpg,
Japan_009760.jpg,
India_007339.jpg,
Japan_008668.jpg,3 359 36 600 455 1 380 136 469 322 
India_003167.jpg,3 71 344 683 661 
India_003442.jpg,4 447 579 481 598 4 489 620 549 661 
India_000077.jpg,3 445 485 701 630 
India_001379.jpg,
Czech_001954.jpg,
Japan_010688.jpg,1 264 376 325 596 
India_001382.jpg,3 398 482 659 650 4 152 496 213 520 4 390 511 422 530 
Japan_009069.jpg,1 70 506 110 591 
Japan_012315.jpg,3 253 442 342 597 
Czech_001015.jpg,4 166 456 228 478 1 317 432 354 490 
Japan_002573.jpg,3 288 365 556 597 2 111 389 297 413 2 120 475 358 505 
India_004811.jpg,4 12 475 250 678 
Japan_002441.jpg,3 10 345 299 562 4 222 401 301 444 
Japan_000497.jpg,
India_003487.jpg,
Japan_008182.jpg,3 320 419 482 577 
Japan_012776.jpg,1 110 319 282 585 
India_008725.jpg,
India_000264.jpg,3 109 489 640 618 
Japan_005302.jpg,
Japan_007353.jpg,
Czech_002609.jpg,
Czech_003207.jpg,4 276 422 333 444 
Japan_006964.jpg,
India_009516.jpg,
India_002830.jpg,
India_000664.jpg,1 409 392 479 466 
India_002635.jpg,3 224 555 610 696 
Japan_012705.jpg,3 440 414 596 588 
India_002802.jpg,3 131 537 604 686 
India_007669.jpg,3 261 516 720 683 
Czech_003048.jpg,1 309 455 363 524 
India_009204.jpg,3 63 511 552 684 
Japan_010698.jpg,
India_002104.jpg,3 230 505 687 682 4 288 596 372 640 
Japan_006056.jpg,1 272 441 373 600 1 262 428 283 480 
Czech_000820.jpg,
Japan_008931.jpg,4 303 396 352 430 
Czech_002290.jpg,1 325 396 354 450 1 326 462 353 525 
Czech_002895.jpg,
India_007881.jpg,3 0 531 477 708 4 239 503 275 524 
India_007346.jpg,
Japan_003280.jpg,3 18 357 186 533 3 266 354 597 594 
Japan_001292.jpg,
India_007560.jpg,
India_007773.jpg,3 15 448 493 713 
Czech_002287.jpg,1 201 411 270 444 
Czech_002798.jpg,
Japan_006460.jpg,3 273 430 424 590 
Japan_000746.jpg,3 223 439 352 594 
Japan_001925.jpg,
India_000587.jpg,4 74 634 128 673 
Czech_000800.jpg,1 227 428 257 494 
Japan_003264.jpg,3 16 381 196 585 3 400 428 531 530 
Japan_013079.jpg,
Japan_005933.jpg,
Czech_000445.jpg,
Japan_002114.jpg,
India_002362.jpg,
Japan_011205.jpg,1 340 351 389 396 
Japan_008591.jpg,4 324 236 374 287 3 1 143 219 528 
India_004300.jpg,3 240 462 680 616 
India_005462.jpg,
India_000031.jpg,
Japan_004373.jpg,
Japan_007892.jpg,
Czech_001697.jpg,
Japan_003467.jpg,3 19 336 509 593 3 51 368 240 593 
India_008477.jpg,
Japan_008240.jpg,
India_008291.jpg,3 173 335 589 705 4 286 595 365 655 3 79 352 492 719 3 238 341 416 679 4 38 113 82 155 
Czech_003199.jpg,
Czech_002070.jpg,
India_005208.jpg,3 243 532 605 698 
India_003748.jpg,
India_006575.jpg,3 414 546 652 715 4 469 623 663 714 
Japan_007008.jpg,
Czech_002466.jpg,1 213 124 250 201 
Japan_007440.jpg,
Japan_012627.jpg,
Japan_001082.jpg,
India_008756.jpg,
India_003258.jpg,
India_009721.jpg,4 310 436 353 458 4 92 582 270 674 
India_006842.jpg,3 93 523 656 677 
Czech_000394.jpg,4 339 442 380 470 
Japan_008681.jpg,
Japan_012414.jpg,3 8 149 318 410 
Japan_001461.jpg,1 226 400 255 520 
India_006443.jpg,1 331 466 393 540 
Japan_004745.jpg,4 238 428 280 449 3 402 515 554 598 4 83 500 153 538 3 27 491 183 596 
Japan_004855.jpg,1 210 425 271 598 
Japan_010678.jpg,3 1 382 512 596 
Japan_001092.jpg,3 367 415 556 565 
India_008143.jpg,3 408 543 702 716 
Japan_011101.jpg,
India_002001.jpg,3 145 468 434 697 
India_000553.jpg,3 54 537 589 715 
Japan_008871.jpg,3 0 479 868 1020 
India_006546.jpg,3 0 477 643 628 
Japan_004395.jpg,
Japan_010877.jpg,2 408 245 580 293 3 408 245 580 293 
Japan_001902.jpg,2 338 493 584 542 
India_004955.jpg,4 366 515 444 574 4 255 593 338 633 
Japan_000849.jpg,3 16 488 562 596 4 421 506 499 544 
Japan_012376.jpg,
India_000377.jpg,
India_004545.jpg,3 523 6 700 90 
India_007941.jpg,
India_005722.jpg,
Czech_001894.jpg,
India_008843.jpg,
India_006439.jpg,
Japan_011190.jpg,1 275 426 316 509 
India_002160.jpg,
Japan_012278.jpg,
Japan_000248.jpg,3 0 216 103 362 
India_005157.jpg,4 218 580 252 608 
Japan_000206.jpg,2 0 251 582 301 
Japan_008694.jpg,
Japan_000769.jpg,
Japan_005087.jpg,
India_002599.jpg,
Japan_002359.jpg,
Japan_000563.jpg,3 13 105 540 532 
Japan_007416.jpg,
Japan_012503.jpg,3 14 397 231 595 
Japan_001959.jpg,4 727 93 984 196 
Japan_004755.jpg,
Japan_001751.jpg,3 234 331 575 437 
Czech_002696.jpg,
India_004672.jpg,
India_008432.jpg,4 13 422 413 692 4 0 464 194 539 
India_002266.jpg,4 410 460 473 488 
India_008102.jpg,3 156 508 674 719 
India_002328.jpg,
Japan_005505.jpg,4 444 575 491 597 
Japan_007389.jpg,
Japan_004859.jpg,3 29 332 360 465 4 86 361 152 390 
Japan_012969.jpg,3 317 394 524 592 
India_001460.jpg,4 132 532 188 561 
Japan_010793.jpg,
Czech_002083.jpg,
Japan_007258.jpg,3 0 383 317 492 3 0 254 516 543 
India_007250.jpg,4 327 509 376 533 1 235 511 381 718 
India_000645.jpg,
India_007840.jpg,4 7 533 279 718 4 463 563 498 601 
Japan_012648.jpg,
Czech_000730.jpg,
India_008356.jpg,3 37 504 363 712 
Czech_000059.jpg,
Japan_000293.jpg,3 297 405 544 594 
Japan_000501.jpg,3 16 311 449 588 
Japan_004446.jpg,4 7 555 102 595 4 234 327 279 352 
India_009468.jpg,3 15 526 401 700 
Japan_002270.jpg,4 379 478 414 497 3 437 492 600 598 4 337 513 367 526 3 305 446 597 597 
Japan_003420.jpg,3 25 382 328 589 3 36 388 184 471 
India_002761.jpg,
Japan_009844.jpg,
Czech_002384.jpg,1 313 458 343 527 1 26 422 183 519 
Japan_009680.jpg,
Japan_005083.jpg,
India_009587.jpg,3 409 573 618 712 
Japan_003636.jpg,
India_001699.jpg,
India_002240.jpg,
India_004347.jpg,4 393 470 471 505 3 228 506 665 716 
India_006019.jpg,
Japan_011911.jpg,
Japan_005930.jpg,3 236 476 364 588 3 440 489 575 586 
Japan_012934.jpg,3 106 330 394 598 
India_001202.jpg,3 82 484 485 698 
India_007358.jpg,4 507 524 718 629 
Japan_003393.jpg,
Japan_009739.jpg,
Japan_009820.jpg,1 372 400 419 443 
Czech_003581.jpg,4 377 437 427 470 1 69 449 143 515 
India_002353.jpg,3 41 481 512 627 
India_005800.jpg,
India_005300.jpg,
India_000460.jpg,3 2 456 496 650 3 15 456 367 706 
Czech_001131.jpg,
India_008837.jpg,4 405 510 453 565 3 300 520 601 685 
Czech_002863.jpg,
Japan_006076.jpg,4 224 462 268 484 3 111 449 298 593 
India_000610.jpg,1 480 548 617 700 
India_002038.jpg,3 230 491 509 654 
Japan_002272.jpg,3 30 433 324 594 
Japan_005314.jpg,
Japan_006761.jpg,2 194 521 578 584 3 174 404 301 500 
India_004068.jpg,4 282 520 355 554 
Japan_000052.jpg,3 0 38 152 355 1 178 485 213 569 
Japan_001937.jpg,
Japan_001300.jpg,
Czech_002558.jpg,4 302 216 589 379 
Czech_001229.jpg,4 292 424 350 448 
Japan_002318.jpg,
Czech_003230.jpg,
Japan_001155.jpg,
Japan_008448.jpg,
Japan_002572.jpg,
India_001882.jpg,3 191 466 681 613 4 410 456 468 494 
India_002338.jpg,3 308 534 568 692 1 15 522 269 711 
Japan_001312.jpg,1 379 365 415 443 
Japan_006474.jpg,
Czech_002254.jpg,
Japan_007380.jpg,
Japan_004632.jpg,1 358 147 575 414 1 396 195 588 443 
Japan_011200.jpg,3 79 383 592 597 
India_001763.jpg,
Japan_006017.jpg,
Czech_001686.jpg,
Japan_002817.jpg,1 522 459 597 589 
Japan_010579.jpg,
Japan_010820.jpg,3 130 421 354 597 
Czech_003575.jpg,
India_005710.jpg,
Czech_002879.jpg,
Japan_008162.jpg,3 172 418 595 600 
India_000671.jpg,3 154 471 554 635 
Japan_000288.jpg,1 121 408 222 530 
Czech_001753.jpg,
India_005583.jpg,3 47 572 566 719 
Japan_007969.jpg,
India_002514.jpg,
Czech_002620.jpg,
Japan_012253.jpg,
Japan_006764.jpg,3 3 218 371 348 
India_000025.jpg,
India_009003.jpg,4 244 614 325 701 3 316 508 518 598 4 436 622 499 651 3 264 363 354 537 
India_006837.jpg,
India_000986.jpg,
Japan_005287.jpg,
Japan_006822.jpg,
India_003957.jpg,
Czech_002367.jpg,2 273 477 396 500 
India_002086.jpg,3 79 470 622 621 
India_008069.jpg,
Japan_009578.jpg,
India_001277.jpg,3 115 523 694 669 3 0 513 576 681 
Japan_002322.jpg,3 302 373 548 502 
Japan_009313.jpg,1 462 511 512 600 
Japan_008405.jpg,
Japan_012146.jpg,
Japan_009177.jpg,3 266 402 500 590 1 68 394 148 553 3 67 397 154 577 
India_007177.jpg,
Japan_010259.jpg,
India_008885.jpg,3 225 497 550 665 
India_007131.jpg,3 9 485 535 705 
Japan_005614.jpg,3 44 361 274 593 
Japan_002470.jpg,
Japan_001448.jpg,1 135 467 206 527 
Japan_007451.jpg,1 194 324 305 413 1 366 505 488 587 2 354 440 454 462 
Czech_001156.jpg,
Japan_002786.jpg,1 327 446 357 564 
India_008491.jpg,4 0 376 532 711 
Japan_008430.jpg,4 56 504 91 529 3 309 459 560 597 
Czech_000717.jpg,3 4 197 87 342 
Japan_002264.jpg,4 68 79 193 167 
Czech_001018.jpg,
India_005443.jpg,1 359 565 491 720 
Czech_001045.jpg,1 231 430 254 489 
Japan_001226.jpg,
Japan_009018.jpg,
India_003031.jpg,
India_007653.jpg,3 0 427 605 680 
India_008485.jpg,
India_007700.jpg,
India_004272.jpg,
Japan_013052.jpg,1 256 423 335 586 1 323 331 353 373 1 70 377 184 580 
Japan_009842.jpg,3 378 396 571 592 
Japan_012074.jpg,1 292 367 330 442 1 303 381 337 449 
Japan_003904.jpg,
Japan_013056.jpg,3 7 447 266 589 1 529 504 586 587 
Czech_001189.jpg,
Japan_012877.jpg,3 61 369 242 586 3 366 441 560 594 
Japan_010071.jpg,
Japan_006409.jpg,1 337 372 384 456 
India_006765.jpg,4 6 417 308 678 
Japan_012173.jpg,3 113 428 570 596 3 422 482 578 594 3 129 417 327 590 
Japan_009346.jpg,
Japan_011928.jpg,
Japan_012516.jpg,3 158 398 600 600 
Czech_003382.jpg,
Czech_001123.jpg,
India_002043.jpg,
Czech_001399.jpg,4 280 424 326 469 
Japan_006913.jpg,
India_005649.jpg,3 161 363 393 597 
India_006990.jpg,
Japan_009632.jpg,4 324 554 354 574 4 269 492 335 512 2 406 546 595 587 4 308 493 357 512 4 302 556 357 590 
Japan_004684.jpg,
Japan_013039.jpg,3 194 341 285 454 3 424 356 574 462 
Japan_002065.jpg,
Japan_011107.jpg,1 448 437 573 543 
India_002982.jpg,4 268 487 408 534 3 4 488 554 693 4 325 492 399 530 
India_004945.jpg,3 251 549 711 718 
Japan_004441.jpg,3 87 404 225 591 
India_007140.jpg,4 378 453 436 483 
Japan_006050.jpg,1 410 343 594 563 
India_001875.jpg,4 488 522 712 666 
Japan_009244.jpg,
India_003322.jpg,4 14 523 429 708 
Japan_003848.jpg,
Japan_012157.jpg,1 237 306 255 370 
Japan_009485.jpg,1 329 297 422 475 
Japan_011459.jpg,3 287 379 590 590 3 3 327 164 569 3 365 442 464 589 
India_009497.jpg,3 391 448 589 635 
India_005899.jpg,
India_004501.jpg,3 147 508 719 683 3 2 536 307 707 
India_004303.jpg,3 82 515 638 720 
Japan_001624.jpg,3 188 447 423 597 
India_007815.jpg,
India_007731.jpg,
Japan_002583.jpg,
Czech_001011.jpg,
Czech_002018.jpg,
Japan_006456.jpg,3 155 351 597 573 
Japan_009517.jpg,3 5 382 505 597 
Czech_002834.jpg,
Japan_009589.jpg,3 13 364 146 433 
India_008567.jpg,
India_007394.jpg,3 269 410 703 605 
Japan_009846.jpg,3 0 454 539 577 
Japan_003043.jpg,2 392 361 600 395 
Japan_007009.jpg,1 375 293 425 355 
India_001814.jpg,
Czech_002946.jpg,
Japan_000147.jpg,
Japan_010406.jpg,4 272 402 302 417 
India_009356.jpg,
Japan_007874.jpg,
India_007300.jpg,
Japan_000937.jpg,
Japan_002893.jpg,
Japan_008929.jpg,3 125 350 331 582 1 188 446 222 545 
India_000051.jpg,
Japan_004415.jpg,3 259 290 403 486 
Japan_003273.jpg,
Japan_006702.jpg,
Japan_009286.jpg,1 98 400 223 571 
India_009019.jpg,4 182 634 278 700 3 4 510 201 628 4 400 664 449 697 
Czech_001231.jpg,
India_008770.jpg,3 349 544 640 717 
Japan_008984.jpg,
India_003019.jpg,
Japan_001331.jpg,
India_004858.jpg,1 442 515 561 626 
Japan_003041.jpg,4 461 386 533 413 3 371 356 593 530 
India_008822.jpg,
Japan_004453.jpg,3 48 392 269 592 1 342 370 377 429 
Japan_009046.jpg,
Japan_005830.jpg,
India_008776.jpg,3 3 167 187 341 
Japan_009966.jpg,3 31 380 292 594 
Japan_000479.jpg,
Czech_002629.jpg,1 242 438 277 521 
India_001258.jpg,
Japan_003710.jpg,2 433 466 598 506 1 376 478 479 590 
India_004681.jpg,4 9 484 357 716 4 390 587 720 720 
Czech_000019.jpg,
Japan_001923.jpg,
Japan_000753.jpg,3 389 374 591 568 4 190 394 269 435 3 13 432 220 593 4 387 356 414 368 
India_005943.jpg,
Czech_001471.jpg,
Japan_011621.jpg,
Japan_011794.jpg,3 32 391 232 580 
India_002270.jpg,4 7 446 438 631 4 332 506 394 533 4 550 536 574 559 
India_005199.jpg,
India_006445.jpg,
Japan_009024.jpg,
India_001639.jpg,1 453 294 609 648 
India_002453.jpg,
Japan_011898.jpg,3 319 318 477 412 
India_000122.jpg,
Japan_000482.jpg,
Czech_001996.jpg,
India_004429.jpg,4 375 279 596 510 4 193 292 635 715 4 329 296 616 686 
India_005736.jpg,4 467 543 683 617 
Japan_000606.jpg,
Czech_000866.jpg,1 17 402 186 519 
Japan_003317.jpg,2 469 488 583 510 
India_003666.jpg,1 74 400 380 691 
India_001369.jpg,
Japan_002522.jpg,
India_009431.jpg,3 65 564 698 717 
India_000029.jpg,3 58 364 689 719 
Japan_000470.jpg,3 227 250 590 501 3 307 144 377 199 3 302 136 416 205 
Japan_006640.jpg,3 33 345 317 599 
India_001091.jpg,3 52 501 610 716 
India_009473.jpg,
India_008410.jpg,
India_008765.jpg,4 398 502 492 633 
India_006940.jpg,4 9 460 279 674 
Japan_000857.jpg,1 170 456 199 541 
Japan_007730.jpg,
India_009085.jpg,
India_004447.jpg,
Japan_003423.jpg,1 488 537 544 591 
Japan_001986.jpg,3 106 396 277 597 
Japan_009541.jpg,1 247 406 306 593 
India_005607.jpg,
Japan_006289.jpg,
India_007475.jpg,
Czech_001828.jpg,
Japan_010088.jpg,4 561 367 671 440 4 395 361 525 432 
India_008096.jpg,
India_003801.jpg,
Czech_001198.jpg,1 55 459 95 510 
India_009081.jpg,
Czech_002396.jpg,
India_006040.jpg,
India_001976.jpg,4 297 617 367 659 
India_004895.jpg,
Japan_004319.jpg,3 356 339 581 571 
Czech_001887.jpg,1 86 411 202 524 1 0 408 133 508 
India_006527.jpg,
Japan_012647.jpg,4 263 466 348 503 
India_000435.jpg,1 550 234 697 686 
Japan_003645.jpg,3 26 456 536 598 4 170 380 255 416 
Japan_010234.jpg,1 388 258 480 383 1 171 401 242 544 
Japan_012700.jpg,
India_000153.jpg,
Czech_000632.jpg,
India_001965.jpg,
Japan_006490.jpg,1 39 452 251 596 
Japan_002949.jpg,
India_004670.jpg,1 302 610 340 720 
Japan_001454.jpg,4 321 486 356 508 
Japan_011613.jpg,3 136 488 438 596 3 122 481 278 600 
India_000065.jpg,3 371 538 662 716 
Japan_008318.jpg,4 146 527 189 562 
Japan_007597.jpg,3 434 267 561 357 
Japan_009883.jpg,3 78 388 269 463 
Japan_003773.jpg,3 178 463 301 536 
Czech_003582.jpg,
Japan_004641.jpg,3 265 393 565 511 
Japan_011557.jpg,3 0 372 593 596 
India_000009.jpg,3 276 461 553 660 
Japan_002194.jpg,1 243 501 277 588 
Japan_003066.jpg,3 17 433 440 567 
Japan_008105.jpg,
Japan_005539.jpg,3 222 114 538 457 3 5 382 514 539 
India_004850.jpg,4 532 579 583 621 
Japan_000443.jpg,2 83 504 264 543 2 92 513 212 535 
Japan_007710.jpg,3 146 408 527 506 
Czech_003486.jpg,
Japan_000094.jpg,
India_000172.jpg,1 226 331 409 669 3 141 304 471 687 
India_005211.jpg,
India_004397.jpg,
India_009784.jpg,
India_004383.jpg,
Japan_000928.jpg,
India_009492.jpg,
India_005045.jpg,3 75 571 635 719 
India_009286.jpg,
India_008095.jpg,
Japan_008468.jpg,3 285 504 414 600 1 285 504 414 600 
Japan_011150.jpg,
Japan_006414.jpg,
Japan_010204.jpg,3 76 481 284 565 1 394 281 516 453 
Japan_001051.jpg,
Japan_000344.jpg,4 374 373 420 387 4 225 348 264 363 4 225 344 258 356 4 91 320 124 333 
Japan_009756.jpg,3 8 404 581 576 4 80 539 113 561 3 5 431 441 538 
Japan_011097.jpg,3 73 444 207 542 
India_003777.jpg,4 277 646 346 687 
India_001013.jpg,
India_006190.jpg,3 29 457 347 706 
India_009788.jpg,
Japan_011940.jpg,3 12 409 436 598 
Japan_000542.jpg,2 142 481 332 514 
Japan_001094.jpg,
Japan_005265.jpg,4 465 498 511 527 4 364 447 411 471 
India_001726.jpg,3 19 502 674 709 
Japan_006268.jpg,3 12 67 544 1022 3 23 375 362 1009 
Japan_008147.jpg,3 311 148 585 485 
India_008568.jpg,4 165 241 426 317 3 506 118 713 213 
Japan_000321.jpg,4 387 487 460 548 
Japan_000007.jpg,
India_006422.jpg,
India_009275.jpg,4 351 475 393 491 4 361 471 409 490 4 272 522 353 552 3 378 476 582 622 4 238 504 345 540 
India_008414.jpg,
Czech_002648.jpg,1 317 420 346 480 
India_009812.jpg,3 32 567 369 704 
Czech_003295.jpg,1 92 379 233 509 
Japan_003527.jpg,
Japan_008492.jpg,
India_009776.jpg,
Japan_012237.jpg,3 399 427 598 594 
Japan_005412.jpg,
Japan_009636.jpg,3 404 380 595 592 
India_006350.jpg,
Japan_012629.jpg,
Czech_000088.jpg,
Japan_002696.jpg,1 329 417 375 488 
Japan_000938.jpg,3 284 320 379 457 
India_009844.jpg,
Japan_005979.jpg,
India_004623.jpg,
Czech_002068.jpg,
India_005766.jpg,3 14 506 537 693 
Japan_010506.jpg,
India_007443.jpg,
Japan_004528.jpg,2 478 357 592 383 
Czech_001751.jpg,4 327 436 378 465 
Japan_006788.jpg,1 370 503 414 579 
Japan_004455.jpg,
Czech_002101.jpg,
Japan_012285.jpg,
Japan_009921.jpg,3 39 109 288 351 
India_000604.jpg,3 302 515 588 703 
Japan_002105.jpg,1 381 462 428 498 
Japan_012156.jpg,1 357 428 431 498 
India_005549.jpg,
Japan_001324.jpg,
Japan_012895.jpg,
India_008046.jpg,
Japan_009634.jpg,
India_000490.jpg,
Japan_006209.jpg,3 23 432 223 594 3 246 451 600 581 4 62 559 109 597 
India_000139.jpg,
India_007927.jpg,3 71 522 646 720 
India_001570.jpg,3 249 534 720 718 
Czech_003019.jpg,
India_000953.jpg,
Czech_001376.jpg,
Czech_002828.jpg,
Japan_008861.jpg,3 1 472 331 596 2 338 450 513 478 
Czech_000231.jpg,
India_007297.jpg,3 398 505 534 674 
India_002468.jpg,
India_004621.jpg,
Japan_006496.jpg,4 230 418 292 446 3 260 402 590 562 
Japan_003804.jpg,3 224 411 583 591 4 387 491 454 535 
Czech_001186.jpg,4 276 452 311 472 4 316 451 354 469 1 184 442 219 484 
Japan_005873.jpg,
India_002147.jpg,3 1 521 598 689 4 397 545 449 581 4 323 546 374 578 
India_002391.jpg,
Czech_001615.jpg,
India_009668.jpg,
India_002058.jpg,
India_008275.jpg,3 125 340 685 716 
India_005841.jpg,
India_003977.jpg,
Japan_005704.jpg,
Japan_006757.jpg,3 332 409 592 597 
Japan_000813.jpg,
Japan_004842.jpg,
India_009540.jpg,3 426 545 703 715 
Japan_009627.jpg,
Japan_012211.jpg,3 0 7 481 376 
Japan_012042.jpg,
Japan_002590.jpg,4 537 382 577 407 
India_001209.jpg,
Japan_004461.jpg,
Japan_011290.jpg,
Japan_013027.jpg,1 152 450 202 514 
Japan_005805.jpg,3 47 485 441 598 
Czech_001434.jpg,
India_006468.jpg,
India_002452.jpg,
Japan_012745.jpg,3 21 432 396 597 
India_003298.jpg,3 53 482 493 701 4 318 601 407 656 
Japan_012033.jpg,
India_001043.jpg,
Japan_012288.jpg,3 368 426 582 591 4 292 472 370 516 3 53 452 553 597 
India_000961.jpg,3 390 505 479 659 
Japan_007192.jpg,3 185 458 274 589 
India_005215.jpg,
Japan_006211.jpg,1 249 380 326 573 
India_004737.jpg,4 381 487 420 514 4 399 550 453 573 3 263 409 641 540 
Czech_001262.jpg,
Japan_012201.jpg,
India_009820.jpg,
Czech_001567.jpg,
Japan_000678.jpg,1 419 417 457 459 
Japan_002409.jpg,3 270 455 575 598 4 246 531 309 586 4 260 539 309 579 3 13 411 170 586 
India_006757.jpg,3 365 557 688 714 
India_001092.jpg,3 287 498 520 684 3 103 512 502 708 
Japan_000148.jpg,4 77 438 136 468 
India_002601.jpg,
Japan_009888.jpg,
India_000202.jpg,1 432 404 534 656 
Japan_010218.jpg,3 0 306 357 596 
Czech_000360.jpg,
India_006772.jpg,
India_004422.jpg,
India_006861.jpg,4 640 599 681 632 
Japan_007181.jpg,
India_003638.jpg,3 18 480 644 681 
Japan_010457.jpg,3 2 435 322 575 1 255 321 278 376 
Japan_004902.jpg,3 250 370 594 599 
India_007660.jpg,3 151 475 704 655 
Czech_003092.jpg,
India_001742.jpg,
Japan_003807.jpg,1 227 487 252 563 
Japan_002049.jpg,3 436 86 600 429 2 132 241 506 301 
India_000100.jpg,
Czech_002772.jpg,
Japan_001555.jpg,3 82 361 564 599 3 135 368 295 594 
Japan_006180.jpg,1 527 451 595 590 
India_003393.jpg,3 15 484 534 718 
Czech_001974.jpg,
India_005749.jpg,3 34 536 673 696 
Japan_009860.jpg,3 69 473 597 591 4 122 478 205 509 
Japan_012972.jpg,3 127 482 246 589 
India_009233.jpg,
Japan_006109.jpg,3 373 64 457 188 
Czech_000919.jpg,
India_009499.jpg,3 107 561 484 713 
India_008561.jpg,
India_005290.jpg,4 357 589 427 629 
Japan_003319.jpg,
India_009190.jpg,
Japan_009949.jpg,3 291 448 420 593 4 196 407 235 442 
Japan_006383.jpg,
Japan_003292.jpg,4 357 354 385 371 1 212 398 256 462 
India_009637.jpg,
Japan_003519.jpg,
India_004746.jpg,
India_009643.jpg,3 31 413 587 634 
India_003905.jpg,3 195 495 634 711 
Czech_000638.jpg,
Japan_005845.jpg,3 125 420 526 598 
Japan_000944.jpg,4 328 484 395 511 4 210 483 274 510 
India_002986.jpg,4 354 537 425 580 
India_004786.jpg,4 314 518 478 585 4 395 455 473 488 4 4 507 309 669 
Czech_001403.jpg,
India_009866.jpg,3 339 472 561 693 
Czech_003227.jpg,
India_004032.jpg,4 469 479 620 554 
Japan_004017.jpg,
India_000097.jpg,
India_003786.jpg,
Japan_007594.jpg,
India_008373.jpg,
Japan_012091.jpg,4 293 512 433 575 
Czech_001213.jpg,
India_002199.jpg,3 184 534 523 718 
Japan_008172.jpg,
India_001426.jpg,3 384 512 678 715 1 0 533 182 636 
India_005339.jpg,3 65 461 258 555 4 242 394 420 456 
India_003204.jpg,
India_008596.jpg,3 25 431 354 692 1 47 434 358 673 
India_001675.jpg,
Czech_002241.jpg,1 333 454 381 533 
Japan_003380.jpg,1 339 318 442 427 
Japan_006859.jpg,1 444 220 590 394 
Japan_008768.jpg,3 34 464 292 596 4 104 525 178 581 
Japan_008225.jpg,1 485 374 600 489 
Japan_010719.jpg,3 223 475 383 556 
Japan_007463.jpg,
India_007077.jpg,3 7 456 390 694 3 471 472 705 646 4 685 564 720 595 3 346 477 429 623 
Czech_000574.jpg,1 249 391 283 450 
India_000413.jpg,3 316 478 673 601 3 378 501 637 605 
India_006173.jpg,3 182 538 587 703 
Japan_007918.jpg,
India_000899.jpg,3 78 198 703 599 
Japan_004326.jpg,
India_004995.jpg,
Japan_005061.jpg,
India_003603.jpg,4 110 613 150 640 
Japan_003685.jpg,4 411 84 520 159 4 814 7 965 75 4 3 555 140 848 
Japan_012910.jpg,3 194 328 598 593 
Japan_012721.jpg,1 230 363 263 453 
Japan_010690.jpg,4 560 465 600 496 3 49 415 381 514 
Czech_002923.jpg,
India_000006.jpg,1 9 510 219 714 
Japan_003612.jpg,
India_000674.jpg,3 512 448 720 715 1 28 448 215 676 
Japan_011432.jpg,4 173 475 216 496 3 7 362 285 597 4 94 459 139 480 4 7 534 64 573 
Japan_008711.jpg,3 36 56 458 529 3 13 165 364 516 
Czech_000478.jpg,
India_009328.jpg,
India_003336.jpg,
Japan_006309.jpg,3 0 222 510 576 
Czech_001158.jpg,3 193 394 413 524 
Japan_002810.jpg,
India_000265.jpg,
Czech_002622.jpg,
India_009491.jpg,
Japan_007480.jpg,
Czech_000082.jpg,1 4 384 157 472 
Japan_007545.jpg,
Japan_005224.jpg,4 34 434 112 460 
India_002728.jpg,1 455 506 485 609 
India_009665.jpg,3 413 558 707 719 
Japan_008812.jpg,3 334 455 600 580 
Japan_003193.jpg,3 38 336 583 598 3 8 407 266 597 
India_003524.jpg,
India_000030.jpg,
Japan_009240.jpg,3 323 386 600 595 
Japan_004990.jpg,
Czech_000227.jpg,
India_004177.jpg,
Japan_003723.jpg,4 431 310 623 424 
Japan_010271.jpg,
Japan_004697.jpg,
Japan_000061.jpg,
India_001317.jpg,3 351 585 570 717 3 415 612 625 716 
Czech_001008.jpg,
India_005554.jpg,1 279 498 309 619 
Japan_012916.jpg,
India_007868.jpg,
India_001824.jpg,
Japan_009469.jpg,
India_005009.jpg,3 243 558 532 714 
Czech_002414.jpg,
India_006157.jpg,4 303 580 363 621 
India_008506.jpg,4 7 586 152 679 
India_005759.jpg,
India_005241.jpg,
Japan_004091.jpg,3 138 373 360 597 3 435 434 597 595 
Japan_008847.jpg,4 459 465 507 514 
India_006247.jpg,4 214 455 651 602 
Japan_001805.jpg,
Japan_005835.jpg,3 22 372 430 597 
Czech_002773.jpg,
India_005432.jpg,
Japan_000981.jpg,4 664 290 788 367 4 220 346 346 426 
Japan_001256.jpg,1 82 79 307 420 
Japan_012766.jpg,3 215 371 452 560 4 242 386 296 410 3 122 352 481 587 3 7 343 160 546 
Japan_001894.jpg,
Japan_001091.jpg,1 255 339 301 386 2 328 459 534 485 
India_007897.jpg,
Japan_005729.jpg,3 14 313 387 590 
Japan_007260.jpg,3 51 352 502 600 
Japan_013086.jpg,3 382 365 599 588 3 9 415 171 579 
Japan_009694.jpg,1 228 397 299 576 
Japan_002948.jpg,3 5 389 461 596 
Japan_010301.jpg,3 0 479 142 591 
India_004708.jpg,1 532 346 709 703 
Czech_000766.jpg,
Japan_012292.jpg,2 475 156 569 175 
Czech_001006.jpg,
Japan_007687.jpg,1 465 251 556 380 
Japan_010066.jpg,
India_004137.jpg,
Japan_009003.jpg,1 147 493 188 549 
Japan_005511.jpg,3 384 174 593 471 
India_008132.jpg,
Japan_007020.jpg,
Japan_010238.jpg,4 459 598 681 785 
Japan_008239.jpg,
Japan_000057.jpg,
Japan_005378.jpg,
Japan_003817.jpg,3 429 443 600 596 
Japan_002791.jpg,3 163 358 587 596 
Japan_009434.jpg,3 349 379 569 592 4 404 399 461 423 
Czech_001340.jpg,
India_006118.jpg,3 57 492 467 693 4 153 523 201 547 
India_006153.jpg,3 193 491 718 695 
India_000633.jpg,4 1 323 487 703 3 5 325 509 700 
Czech_001242.jpg,
India_003470.jpg,1 231 479 338 669 1 430 507 539 684 
Japan_001540.jpg,3 31 417 388 599 
India_008721.jpg,4 393 507 426 544 
India_004002.jpg,
India_008716.jpg,
Czech_001102.jpg,
Japan_001648.jpg,
Japan_007392.jpg,3 356 339 597 593 4 409 436 486 474 
Japan_008133.jpg,
Japan_003516.jpg,
India_004966.jpg,
Japan_005432.jpg,3 20 369 289 591 
India_008877.jpg,3 121 543 459 717 
India_007021.jpg,
India_007235.jpg,
Japan_006451.jpg,3 0 364 430 600 4 249 462 284 489 4 256 465 282 480 
India_009632.jpg,
Japan_012667.jpg,1 198 358 332 574 
India_005763.jpg,
India_009355.jpg,
Czech_002719.jpg,
Czech_000035.jpg,
Japan_001813.jpg,3 110 419 269 517 3 90 410 386 527 
Japan_007202.jpg,3 3 375 232 592 
Japan_002456.jpg,3 291 377 523 510 3 323 432 521 492 3 284 366 385 490 1 326 451 359 513 
Japan_006872.jpg,3 180 451 312 545 
Czech_001599.jpg,
Japan_008980.jpg,
India_002408.jpg,
Czech_001467.jpg,
India_006068.jpg,
Japan_005135.jpg,3 338 208 476 280 
India_003529.jpg,
Japan_011826.jpg,3 114 91 269 409 3 347 37 551 339 3 376 138 510 273 
India_006356.jpg,3 113 544 641 720 
Japan_010393.jpg,
India_008086.jpg,
India_003264.jpg,1 186 400 382 650 4 295 418 359 451 
Japan_006963.jpg,3 248 324 406 599 
Japan_000299.jpg,1 141 209 163 249 
India_000237.jpg,
Japan_003192.jpg,3 56 449 441 596 
India_003518.jpg,
Japan_002364.jpg,3 114 374 274 484 
Czech_001273.jpg,
Czech_001166.jpg,
Japan_000161.jpg,
India_003241.jpg,
Japan_011197.jpg,3 2 379 431 595 3 230 489 421 598 
Czech_002567.jpg,3 346 454 424 524 
India_006334.jpg,4 441 450 516 493 4 328 438 407 482 
India_007948.jpg,
Japan_007774.jpg,1 243 530 261 589 1 347 511 458 600 1 247 524 272 593 
India_007600.jpg,
India_000660.jpg,
Japan_004944.jpg,1 329 174 374 374 
India_008303.jpg,3 52 505 625 695 
Japan_004493.jpg,3 406 423 583 486 
Japan_009084.jpg,1 322 295 421 599 1 336 228 394 311 
Japan_010633.jpg,
India_004020.jpg,
India_001942.jpg,
Japan_009134.jpg,3 93 425 296 596 3 128 446 594 593 
India_007068.jpg,3 38 528 329 702 
Japan_005391.jpg,
Czech_003158.jpg,
India_003484.jpg,3 470 549 717 685 
India_000149.jpg,
Japan_006343.jpg,1 39 438 66 481 
India_007428.jpg,3 25 543 673 698 3 15 537 399 714 
India_004573.jpg,3 17 535 231 713 
India_008299.jpg,3 367 540 555 636 4 367 540 555 636 
Japan_005776.jpg,
Czech_001055.jpg,
Japan_011129.jpg,
India_001632.jpg,3 5 447 596 634 4 308 480 367 514 4 433 454 521 493 4 158 383 274 417 
India_001529.jpg,
India_008120.jpg,
India_008213.jpg,4 14 502 416 718 
Czech_001625.jpg,
Japan_012400.jpg,
Japan_000715.jpg,3 233 382 437 473 
Japan_013084.jpg,3 363 430 548 588 
India_007445.jpg,
India_005264.jpg,1 470 524 499 572 
India_004096.jpg,
India_005604.jpg,3 11 455 533 625 
Czech_002889.jpg,
Japan_010378.jpg,3 63 359 531 598 4 363 463 449 523 3 94 357 389 564 
Japan_003473.jpg,
Japan_004991.jpg,3 54 434 585 595 4 467 491 509 512 4 459 494 519 518 3 336 446 590 593 
Japan_006814.jpg,
India_002800.jpg,3 426 482 713 643 
Japan_003728.jpg,1 166 253 235 426 1 175 173 252 312 
India_006671.jpg,
India_006684.jpg,
India_005960.jpg,4 359 403 451 439 3 12 447 337 711 1 16 465 301 713 4 353 395 438 431 
India_009404.jpg,
Czech_000198.jpg,1 74 398 193 508 
India_006421.jpg,3 65 540 617 715 
Japan_005142.jpg,3 17 326 466 582 
Japan_000475.jpg,2 384 424 595 452 
India_001641.jpg,
India_009563.jpg,4 290 504 354 538 
Japan_001727.jpg,
India_006085.jpg,
India_005867.jpg,
Czech_000538.jpg,1 318 422 351 505 4 429 445 490 470 
India_002688.jpg,
Japan_000833.jpg,
Japan_004010.jpg,2 382 529 580 567 3 347 395 431 546 1 367 394 404 463 
Japan_007407.jpg,3 70 339 600 447 1 203 372 254 466 
India_006458.jpg,
Japan_005506.jpg,3 13 363 576 540 4 45 443 89 474 
Czech_001000.jpg,
Japan_003133.jpg,3 336 391 593 597 
India_001117.jpg,3 158 390 546 707 4 626 3 693 45 
India_001562.jpg,
Czech_002693.jpg,
Japan_011827.jpg,
India_009307.jpg,
Czech_000342.jpg,
India_003341.jpg,
India_005694.jpg,
Czech_000517.jpg,1 173 426 218 499 
India_005965.jpg,3 144 532 548 708 
India_005575.jpg,
Japan_002975.jpg,
Japan_004893.jpg,1 311 478 351 556 
Japan_008536.jpg,
Czech_002272.jpg,
Japan_010728.jpg,4 305 489 366 543 
India_000615.jpg,3 10 537 385 713 3 135 525 457 705 
India_004491.jpg,
India_009156.jpg,4 1 584 171 670 
Japan_011866.jpg,
India_000783.jpg,
Japan_000982.jpg,3 14 421 320 588 
India_009105.jpg,3 27 505 603 712 3 4 538 409 714 
India_008932.jpg,3 13 546 359 710 
Japan_010993.jpg,1 440 516 531 600 
Japan_006006.jpg,
India_002289.jpg,
Czech_001038.jpg,4 62 474 160 507 
Japan_010988.jpg,3 364 356 568 504 3 420 386 577 505 
Czech_002196.jpg,
India_009518.jpg,
India_004333.jpg,
Japan_007894.jpg,1 402 451 435 544 
India_006680.jpg,
India_006638.jpg,4 4 332 421 585 
Japan_001632.jpg,
Japan_000815.jpg,3 10 371 345 597 3 327 429 507 592 
India_000192.jpg,3 23 475 697 684 3 203 477 720 650 4 385 439 461 464 
Czech_000424.jpg,
Czech_002564.jpg,1 290 417 323 512 
India_004192.jpg,
Japan_000149.jpg,1 205 531 227 594 1 71 516 180 600 
India_005362.jpg,3 9 473 581 626 
Japan_007815.jpg,3 190 439 600 599 
Japan_008897.jpg,3 220 342 421 561 4 7 485 40 512 
Czech_002859.jpg,
Japan_001342.jpg,
India_009261.jpg,4 213 448 263 475 4 74 558 186 617 
Japan_012323.jpg,
Japan_004295.jpg,3 192 362 596 596 
Japan_006607.jpg,
Japan_011085.jpg,
India_004271.jpg,4 419 634 470 676 
Japan_007777.jpg,3 143 428 574 600 4 168 515 220 548 4 165 522 224 563 3 376 445 498 544 
India_008180.jpg,1 6 269 329 687 
Japan_001147.jpg,1 303 363 384 575 2 322 371 414 385 2 316 372 423 390 
Japan_001309.jpg,
India_004648.jpg,
Japan_005485.jpg,
India_003267.jpg,4 302 505 506 654 
Japan_008778.jpg,4 214 349 251 368 3 242 464 600 597 
India_005380.jpg,
India_002814.jpg,4 11 527 455 712 4 311 457 392 483 4 292 452 376 479 3 64 512 588 686 
Japan_004031.jpg,3 291 432 575 591 
Japan_002217.jpg,3 7 464 372 597 
Japan_010629.jpg,3 118 451 316 531 
India_009267.jpg,
Czech_001903.jpg,
Japan_004261.jpg,3 221 473 593 595 
India_004848.jpg,3 252 509 553 692 
India_000707.jpg,1 479 497 596 647 
Japan_004671.jpg,
Japan_002455.jpg,
Japan_008110.jpg,
India_007562.jpg,
Czech_000874.jpg,
India_005396.jpg,
Japan_002662.jpg,
Japan_008758.jpg,3 316 411 487 591 1 191 451 217 539 
Japan_007329.jpg,
Czech_002903.jpg,
Japan_011776.jpg,3 15 295 486 595 
Japan_006974.jpg,
Japan_007596.jpg,3 304 317 460 564 
India_003604.jpg,3 169 471 543 714 3 17 530 417 714 
Japan_012586.jpg,
India_002513.jpg,4 58 352 446 496 
Japan_002099.jpg,3 20 391 237 588 3 427 411 571 510 3 104 399 565 513 
India_001360.jpg,
Japan_001769.jpg,3 280 408 453 596 
India_006352.jpg,1 462 246 568 426 
Japan_005237.jpg,3 183 289 600 453 
India_005222.jpg,
Japan_011551.jpg,3 326 158 586 506 4 474 283 527 318 
Japan_009495.jpg,3 478 513 600 591 4 30 581 68 598 4 214 424 249 438 
Japan_005133.jpg,
India_001940.jpg,3 282 507 423 681 
India_007524.jpg,3 30 512 600 713 
Japan_011184.jpg,4 240 425 312 451 
Japan_002092.jpg,3 171 353 358 595 
Japan_003504.jpg,3 343 356 448 484 
Czech_001804.jpg,4 82 421 128 437 
India_009809.jpg,3 148 256 662 689 
Japan_012342.jpg,
Japan_006365.jpg,3 16 345 272 599 
Japan_001816.jpg,
Japan_007321.jpg,3 305 506 481 562 
India_009070.jpg,
Japan_005688.jpg,3 87 406 516 598 
India_006568.jpg,
Japan_006257.jpg,
India_008365.jpg,1 508 487 654 602 
Czech_001265.jpg,
Japan_005030.jpg,
India_009558.jpg,3 378 467 720 698 
India_001645.jpg,1 26 512 272 707 
Japan_000845.jpg,4 421 403 447 422 4 523 478 567 504 3 79 396 361 597 
Japan_010621.jpg,3 143 457 358 596 
Czech_003205.jpg,1 63 403 161 442 
Japan_005715.jpg,3 331 351 445 514 
Japan_013011.jpg,
Japan_005768.jpg,
India_006631.jpg,3 401 524 711 701 
India_006399.jpg,
India_004791.jpg,
India_004426.jpg,
Japan_009604.jpg,
Japan_010193.jpg,1 127 372 210 592 1 139 322 219 510 
Japan_008285.jpg,3 41 417 294 593 
Japan_000621.jpg,1 242 69 307 219 1 353 61 383 102 
India_007531.jpg,
India_004867.jpg,1 417 438 467 526 
Japan_012457.jpg,
Czech_002573.jpg,4 375 463 430 484 
India_009411.jpg,
Japan_010567.jpg,3 104 383 419 580 
Japan_001882.jpg,4 323 352 399 371 3 20 443 461 596 3 19 443 232 599 
Japan_009169.jpg,3 266 97 540 540 
India_002848.jpg,
India_000082.jpg,4 281 485 496 549 4 280 491 514 575 
Czech_001169.jpg,
India_007145.jpg,3 24 422 463 609 
Japan_012847.jpg,3 68 427 263 590 
Japan_009808.jpg,3 351 420 554 582 
Japan_011337.jpg,
Japan_004707.jpg,1 443 477 563 564 
Czech_002759.jpg,
Czech_002150.jpg,
Japan_012809.jpg,3 132 361 594 600 
Japan_008744.jpg,3 11 407 320 596 
Czech_003186.jpg,
Japan_004152.jpg,1 278 353 307 445 1 271 343 335 556 
Japan_010617.jpg,
Japan_011223.jpg,3 15 109 599 486 
Japan_000863.jpg,
India_001602.jpg,
Czech_003035.jpg,
India_009862.jpg,4 360 308 419 351 
Japan_007803.jpg,3 45 446 303 598 
India_000247.jpg,3 233 510 720 691 
India_000723.jpg,4 251 554 314 592 4 82 494 156 529 3 38 506 633 701 4 0 485 169 558 
India_007631.jpg,4 558 602 632 640 3 24 514 554 690 
Czech_003361.jpg,
India_000750.jpg,3 47 469 676 716 
Japan_005449.jpg,2 329 430 407 447 
Czech_000491.jpg,1 106 459 169 519 
Japan_006892.jpg,4 244 376 302 404 3 234 305 293 358 4 304 413 336 430 
Czech_003098.jpg,1 219 447 246 511 1 219 431 252 507 
Japan_007060.jpg,
India_005831.jpg,
India_001761.jpg,
Czech_003533.jpg,1 139 424 193 501 
India_003295.jpg,3 422 539 701 701 
Czech_002185.jpg,
Japan_009699.jpg,
Japan_000986.jpg,
Japan_006939.jpg,
Japan_012340.jpg,
India_008200.jpg,4 465 468 613 568 
India_003067.jpg,
Czech_002074.jpg,
Czech_000658.jpg,
Japan_011188.jpg,
Japan_010186.jpg,3 6 405 558 598 
India_005516.jpg,
India_002764.jpg,3 206 510 513 696 
India_008089.jpg,3 200 441 582 616 
India_005405.jpg,1 348 610 386 716 4 6 491 235 706 
Japan_009923.jpg,
Japan_006094.jpg,
Japan_005365.jpg,1 367 421 480 581 
Japan_012252.jpg,1 243 516 281 598 
Japan_007115.jpg,1 432 507 484 578 
India_006156.jpg,3 463 490 710 702 
India_002977.jpg,
Japan_002352.jpg,1 316 403 408 527 
India_009520.jpg,
Japan_002028.jpg,
Czech_000439.jpg,
Japan_001719.jpg,4 443 362 483 376 1 443 409 471 457 
Japan_012781.jpg,
India_007721.jpg,4 363 654 419 687 
India_004536.jpg,
Japan_010886.jpg,
Japan_010233.jpg,3 329 402 537 595 
Japan_000961.jpg,2 512 444 597 472 
India_007695.jpg,
Czech_000672.jpg,
Czech_002908.jpg,3 2 391 120 526 
India_002694.jpg,
Japan_009498.jpg,
Japan_001336.jpg,1 386 346 458 538 2 395 348 577 373 
Czech_002190.jpg,
India_006871.jpg,4 376 479 433 516 
Japan_005928.jpg,
India_001280.jpg,4 19 519 385 718 
India_005440.jpg,
Japan_009819.jpg,
Japan_012359.jpg,
India_004910.jpg,
Japan_008567.jpg,3 255 368 431 530 3 25 365 462 593 
Japan_010348.jpg,
India_000632.jpg,
Japan_010198.jpg,1 298 440 405 600 
Japan_004068.jpg,3 127 455 476 598 
Japan_005755.jpg,
India_001771.jpg,
Japan_002123.jpg,
Czech_003091.jpg,
Japan_009642.jpg,4 342 389 376 404 
India_006090.jpg,1 416 464 450 536 
India_006307.jpg,
India_002374.jpg,3 17 398 584 712 
India_007837.jpg,
Czech_001857.jpg,1 43 416 181 523 
Japan_012873.jpg,1 303 317 396 459 
Japan_011805.jpg,3 4 328 590 597 
India_002661.jpg,1 636 505 687 608 
India_000287.jpg,
India_006655.jpg,
Czech_003404.jpg,
India_000240.jpg,3 219 468 630 571 
Japan_009114.jpg,3 16 33 294 424 
Czech_001829.jpg,
India_004598.jpg,
Japan_008899.jpg,
Japan_005456.jpg,3 352 355 549 537 
Japan_011762.jpg,3 125 396 579 593 3 175 400 557 525 
India_005966.jpg,
India_001195.jpg,3 9 510 417 686 
Czech_001436.jpg,
Japan_010254.jpg,4 284 542 333 576 
Czech_002025.jpg,1 71 388 222 511 
Japan_010975.jpg,
India_003607.jpg,4 105 528 720 696 
Japan_000541.jpg,3 134 280 395 520 
Japan_002651.jpg,
Japan_005703.jpg,3 1 354 592 595 
India_005049.jpg,4 325 496 373 524 3 51 514 367 697 
India_008876.jpg,1 354 415 454 573 4 634 631 694 655 
India_001293.jpg,
Japan_003175.jpg,3 22 424 139 539 
Japan_010966.jpg,3 14 431 167 594 
India_002779.jpg,3 325 393 716 568 
Japan_010458.jpg,3 335 374 447 529 3 100 370 201 500 
India_002196.jpg,
India_002738.jpg,
Japan_003101.jpg,3 3 316 211 559 
Japan_002271.jpg,1 347 484 386 555 
Japan_010281.jpg,3 108 337 587 600 
Japan_009610.jpg,
Czech_001200.jpg,4 378 459 425 479 
Japan_003862.jpg,3 13 472 341 600 3 5 487 140 595 3 184 472 321 583 
Japan_006455.jpg,3 174 534 240 580 1 283 532 323 577 
Japan_002062.jpg,
Japan_009337.jpg,1 299 454 373 584 2 5 481 98 503 
India_004218.jpg,3 420 542 717 718 
Japan_002406.jpg,3 335 10 587 360 3 5 98 238 269 
Japan_011908.jpg,3 62 166 269 422 
Japan_012227.jpg,3 66 368 251 533 3 308 331 486 466 
Czech_002948.jpg,
Japan_003989.jpg,3 421 479 583 553 1 336 531 367 593 
Japan_006328.jpg,3 81 37 1024 988 
Japan_011587.jpg,
Czech_001493.jpg,1 5 419 187 506 3 16 414 200 503 
India_006574.jpg,4 21 456 404 637 
Japan_005179.jpg,3 421 420 587 497 
India_002920.jpg,
Czech_000352.jpg,
Japan_003838.jpg,4 353 378 391 411 
India_008472.jpg,
Japan_011526.jpg,4 361 351 428 383 
Japan_000686.jpg,1 366 411 529 591 
India_004275.jpg,
India_008738.jpg,3 42 470 586 628 3 9 481 370 701 
India_000875.jpg,4 636 551 710 606 3 75 496 621 692 
India_006178.jpg,
Czech_003244.jpg,
Japan_000451.jpg,
India_007957.jpg,4 134 576 190 598 4 490 584 548 613 
Japan_009405.jpg,
Japan_005039.jpg,
India_005450.jpg,
India_005146.jpg,
Japan_010202.jpg,4 532 535 568 574 1 532 535 568 574 
Japan_001762.jpg,
Japan_002898.jpg,
Czech_002141.jpg,
Czech_002364.jpg,
India_005299.jpg,3 18 524 478 707 
Japan_007785.jpg,3 19 394 199 582 
Czech_002651.jpg,
Japan_006813.jpg,
India_002234.jpg,4 82 380 321 566 
India_009498.jpg,
Japan_007138.jpg,3 164 430 507 599 4 186 435 239 484 4 140 519 208 586 
India_003799.jpg,4 12 507 373 705 4 287 476 358 520 
Japan_002096.jpg,3 221 442 560 593 4 127 565 165 592 3 1 391 122 469 
Japan_002173.jpg,3 19 426 303 569 3 74 454 211 527 
Czech_002870.jpg,
India_005476.jpg,
Czech_001505.jpg,
India_004893.jpg,3 485 482 713 700 
Japan_008317.jpg,3 198 421 574 593 
Japan_000236.jpg,4 376 464 466 501 
India_005585.jpg,3 29 527 633 681 3 26 520 403 690 
Japan_002036.jpg,1 371 463 418 517 
Czech_003291.jpg,
Japan_005462.jpg,3 308 112 998 336 4 460 256 588 309 
Japan_012451.jpg,3 241 438 337 588 
Japan_007034.jpg,
Japan_011710.jpg,
Czech_003521.jpg,
Japan_013068.jpg,
Japan_011558.jpg,3 376 352 599 593 
Japan_000674.jpg,
Japan_002869.jpg,3 315 492 464 598 
Japan_001808.jpg,3 69 365 208 543 3 49 393 586 589 
Japan_002050.jpg,4 421 537 490 589 3 202 396 352 461 4 303 416 346 437 
Japan_005598.jpg,
India_009816.jpg,3 203 534 543 712 
India_002170.jpg,4 1 473 278 628 4 455 438 708 533 4 270 469 465 573 
Japan_000141.jpg,
Japan_008487.jpg,
India_007510.jpg,
Czech_003337.jpg,
Japan_000879.jpg,3 58 339 190 470 3 302 503 423 599 
Japan_008223.jpg,3 0 390 374 517 4 376 509 411 532 
Japan_012343.jpg,
Japan_000346.jpg,4 463 394 660 533 
India_009418.jpg,
India_006270.jpg,3 225 471 718 692 
Japan_002090.jpg,3 7 317 197 498 
India_007541.jpg,3 7 551 631 699 
India_002446.jpg,
Japan_011418.jpg,
Czech_001513.jpg,
Japan_004510.jpg,
India_000398.jpg,3 47 463 492 635 
India_007814.jpg,
India_004017.jpg,
Japan_005101.jpg,4 24 583 67 598 
Japan_000239.jpg,
Japan_008952.jpg,
Czech_002047.jpg,
India_004685.jpg,
India_004023.jpg,
India_002663.jpg,
Japan_005453.jpg,3 12 231 600 579 3 3 444 102 576 
Japan_002927.jpg,3 275 418 459 589 
Japan_007339.jpg,3 288 454 509 589 
Czech_001226.jpg,
India_008122.jpg,
India_007638.jpg,3 21 452 484 620 1 308 452 349 554 
Japan_009687.jpg,
Japan_002112.jpg,
Japan_005469.jpg,
India_000386.jpg,
Japan_010755.jpg,1 222 436 298 586 3 431 444 597 596 
India_009772.jpg,
India_000380.jpg,4 17 452 427 683 4 191 462 419 540 
Japan_007002.jpg,3 35 383 240 585 
Japan_000640.jpg,3 53 398 587 595 4 136 383 205 409 
Japan_005091.jpg,1 154 561 201 598 
India_001564.jpg,
Japan_005949.jpg,3 311 404 406 598 
Japan_012239.jpg,3 414 490 525 598 
India_008482.jpg,3 278 505 580 682 
Czech_003451.jpg,
Japan_001800.jpg,
Japan_003418.jpg,1 264 394 348 599 
Japan_001224.jpg,1 297 477 446 587 
India_003588.jpg,
Japan_008455.jpg,1 294 399 368 551 
India_007244.jpg,4 282 502 344 525 
Japan_009226.jpg,3 294 54 594 485 
Japan_012816.jpg,3 0 10 540 468 4 232 126 306 149 
Japan_006413.jpg,
Japan_011537.jpg,
Japan_002608.jpg,
India_008931.jpg,3 116 499 602 634 
Japan_009711.jpg,
India_004019.jpg,
Japan_006111.jpg,3 15 373 256 592 
India_004305.jpg,3 70 471 607 640 4 220 476 275 500 
India_003779.jpg,3 37 538 626 687 3 8 527 360 699 
Japan_005027.jpg,
India_006435.jpg,
India_000098.jpg,4 20 371 695 720 
Japan_008358.jpg,3 4 356 529 600 
Czech_002847.jpg,1 7 387 178 503 1 109 393 177 444 
Czech_002962.jpg,
Japan_010424.jpg,1 51 254 209 533 
India_005531.jpg,3 189 463 720 684 
Japan_010774.jpg,
Japan_004233.jpg,
Japan_008777.jpg,
Japan_011904.jpg,3 3 387 444 597 
India_000464.jpg,
India_007847.jpg,4 303 471 500 551 
Czech_000788.jpg,
Japan_003223.jpg,2 287 541 368 556 
India_009374.jpg,
Czech_002320.jpg,
India_004656.jpg,1 270 532 383 708 
Japan_001788.jpg,
India_004552.jpg,
Japan_003355.jpg,1 149 508 185 592 
India_005529.jpg,4 364 666 428 713 
India_003794.jpg,3 100 0 288 275 
Japan_008227.jpg,4 340 692 476 772 4 11 30 247 147 
India_006151.jpg,
Czech_000229.jpg,1 46 409 196 510 
India_008411.jpg,
Japan_001852.jpg,
Japan_007664.jpg,1 317 450 344 528 3 283 402 600 515 
Japan_009194.jpg,3 356 377 559 535 
Czech_002722.jpg,
India_006267.jpg,
India_005238.jpg,
India_007336.jpg,
India_008943.jpg,
India_006227.jpg,
India_003212.jpg,
Japan_011004.jpg,1 470 436 598 591 
India_006017.jpg,
India_001731.jpg,3 26 520 601 718 
Czech_002480.jpg,1 227 467 261 524 2 254 475 357 505 1 256 409 292 442 
India_001920.jpg,4 485 490 600 544 4 461 476 604 552 
India_004131.jpg,
Czech_002097.jpg,
India_007326.jpg,
India_000021.jpg,
India_000666.jpg,3 26 411 536 630 
India_007828.jpg,3 338 552 626 690 
India_002454.jpg,
India_005085.jpg,
India_007591.jpg,3 33 368 661 641 
India_008439.jpg,
India_006343.jpg,
India_004326.jpg,4 568 371 615 402 
India_000246.jpg,
India_007523.jpg,3 8 464 614 686 
India_005907.jpg,
India_003931.jpg,3 7 480 635 632 
India_003145.jpg,
India_005392.jpg,
India_000880.jpg,
India_007786.jpg,
